685.75,610.5,119.75,239.5,407.25,344.5
453.5,2.5,290.0,0.0,0.0,0.0,159.0,1.0,90.0,37,Part
460.5,1.5,274.0,0.0,0.0,0.0,159.0,1.0,136.0,1029,Part
460.5,0.5,274.0,0.0,0.0,0.0,159.0,1.0,136.0,37,Part
497.5,1.5,68.5,0.0,0.0,0.0,185.0,1.0,275.0,1029,Part
497.5,0.5,68.5,0.0,0.0,0.0,185.0,1.0,275.0,37,Part
558.0,2.5,68.5,0.0,0.0,0.0,50.0,1.0,261.0,37,Part
460.5,2.5,229.0,0.0,0.0,0.0,145.0,1.0,32.0,37,Part
519.5,2.5,-69.0,0.0,1.5708,0.0,14.0,1.0,127.0,37,Part
472.5,2.5,75.5,0.0,0.0,0.0,121.0,1.0,275.0,37,Part
610.5,1.5,-149.5,0.0,1.5708,0.0,161.0,1.0,323.0,1029,Part
610.5,0.5,-149.5,0.0,1.5708,0.0,161.0,1.0,323.0,37,Part
306.0,2.5,344.5,0.0,0.0,0.0,136.0,1.0,45.0,37,Part
610.5,2.5,-149.5,0.0,1.5708,0.0,147.0,1.0,309.0,37,Part
306.0,1.5,306.0,0.0,0.0,0.0,150.0,1.0,136.0,1029,Part
306.0,0.5,306.0,0.0,0.0,0.0,150.0,1.0,136.0,37,Part
299.0,2.5,283.5,0.0,0.0,0.0,150.0,1.0,77.0,37,Part
205.0,1.5,281.5,0.0,0.0,0.0,52.0,1.0,95.0,1029,Part
205.0,2.5,281.5,0.0,0.0,0.0,38.0,1.0,81.0,37,Part
205.0,0.5,281.5,0.0,0.0,0.0,52.0,1.0,95.0,37,Part
-285.5,150.5,-456.5,0.0,1.5708,0.0,53.0,27.0,13.0,199,Part
-264.5,239.5,-444.0,-3.1416,0.0,-3.1416,15.0,41.0,16.0,199,Part
-265.0,198.5,-446.0,-3.1416,0.0,-3.1416,22.0,41.0,22.0,199,Part
-236.5,101.5,-410.5,0.0,0.0,0.0,53.0,27.0,13.0,199,Part
-257.5,191.5,-470.0,-3.1416,0.0,-3.1416,37.0,27.0,26.0,199,Part
-218.0,109.0,-443.5,0.0,1.5708,0.0,53.0,42.0,16.0,199,Part
-252.5,133.0,-453.5,0.0,0.0,0.0,53.0,90.0,73.0,199,Part
-160.5,101.0,-421.5,0.0,0.0,0.0,99.0,12.0,23.0,199,Part
-254.5,55.5,-448.0,0.0,0.0,0.0,71.0,65.0,94.0,199,Part
-261.5,11.5,-449.5,0.0,0.0,0.0,99.0,23.0,125.0,199,Part
-100.5,89.5,-421.5,0.0,0.0,0.0,45.0,11.0,27.0,199,Part
-78.5,55.5,-423.5,0.0,0.0,0.0,35.0,57.0,57.0,199,Part
-73.0,14.0,-422.0,0.0,0.0,0.0,58.0,26.0,80.0,199,Part
-73.0,0.5,-420.5,0.0,0.0,0.0,76.0,1.0,95.0,199,Part
-702.5,0.6,284.0,0.0,0.0,0.0,59.0,1.2,18.0,199,Part
-672.5,18.0,259.0,-3.1416,0.0,-3.1416,45.0,21.6,20.0,199,Part
-681.0,5.4,269.5,0.0,1.5708,0.0,21.0,3.6,52.0,199,Part
-615.5,33.6,254.0,-3.1416,0.0,-3.1416,129.0,9.6,20.0,199,Part
-691.5,18.0,232.5,-3.1416,0.0,-3.1416,45.0,21.6,33.0,199,Part
-609.0,18.0,264.0,-3.1416,0.0,-3.1416,82.0,21.6,20.0,199,Part
-575.0,49.2,243.0,0.0,0.0,0.0,20.0,21.6,12.0,199,Part
-761.0,0.6,194.5,0.0,1.5708,0.0,141.0,1.2,20.0,199,Part
-745.5,2.4,194.0,0.0,0.0,0.0,23.0,2.4,94.0,199,Part
-583.5,0.6,323.0,0.0,0.0,0.0,111.0,1.2,18.0,199,Part
-712.0,0.6,194.5,0.0,0.0,0.0,78.0,1.2,161.0,199,Part
-713.5,33.6,193.5,-3.1416,0.0,-3.1416,23.0,9.6,31.0,199,Part
-581.5,2.4,312.0,0.0,0.0,0.0,75.0,2.4,16.0,199,Part
-586.5,5.4,197.5,0.0,0.0,0.0,137.0,3.6,165.0,199,Part
-585.0,2.4,294.5,0.0,0.0,0.0,138.0,2.4,19.0,199,Part
-690.0,5.4,196.0,0.0,0.0,0.0,70.0,3.6,126.0,199,Part
-712.5,18.0,192.0,-3.1416,0.0,-3.1416,45.0,21.6,48.0,199,Part
-737.0,5.4,193.5,0.0,0.0,0.0,24.0,3.6,73.0,199,Part
-582.5,5.4,288.5,0.0,1.5708,0.0,17.0,3.6,113.0,199,Part
-581.0,5.4,305.5,0.0,1.5708,0.0,17.0,3.6,64.0,199,Part
-586.0,18.0,280.0,-3.1416,0.0,-3.1416,82.0,21.6,12.0,199,Part
-612.0,2.4,276.0,0.0,0.0,0.0,212.0,2.4,18.0,199,Part
-614.0,2.4,207.0,0.0,0.0,0.0,240.0,2.4,120.0,199,Part
-647.5,49.2,203.5,0.0,1.5708,0.0,93.0,21.6,55.0,199,Part
-567.5,49.2,196.0,0.0,0.0,0.0,35.0,21.6,82.0,199,Part
-623.0,33.6,202.5,-3.1416,0.0,-3.1416,158.0,9.6,83.0,199,Part
-683.5,49.2,202.0,0.0,1.5708,0.0,52.0,21.6,17.0,199,Part
-602.5,49.2,196.0,0.0,0.0,0.0,35.0,21.6,124.0,199,Part
-553.5,23.4,238.0,-3.1416,0.0,-3.1416,29.0,10.8,10.0,199,Part
-673.0,18.0,153.5,0.0,1.5708,0.0,29.0,21.6,70.0,199,Part
-583.5,0.6,203.5,-3.1416,0.0,-3.1416,179.0,1.2,221.0,199,Part
-553.5,18.0,258.5,0.0,0.0,0.0,29.0,21.6,31.0,199,Part
-550.5,18.0,179.5,0.0,0.0,0.0,35.0,21.6,107.0,199,Part
-616.0,33.6,152.5,0.0,-1.5708,0.0,17.0,9.6,144.0,199,Part
-537.5,49.2,174.5,0.0,0.0,0.0,25.0,21.6,29.0,199,Part
-530.0,33.6,174.5,0.0,-1.5708,0.0,49.0,9.6,28.0,199,Part
-603.0,18.0,134.5,0.0,1.5708,0.0,29.0,21.6,70.0,199,Part
-618.5,2.4,133.0,0.0,0.0,0.0,249.0,2.4,28.0,199,Part
-518.5,18.0,172.0,0.0,0.0,0.0,29.0,21.6,70.0,199,Part
-602.5,33.6,134.5,0.0,0.0,0.0,49.0,9.6,19.0,199,Part
-504.5,5.4,177.5,0.0,0.0,0.0,27.0,3.6,99.0,199,Part
-487.0,0.6,250.0,-3.1416,0.0,-3.1416,14.0,1.2,76.0,199,Part
-584.0,2.4,112.0,0.0,0.0,0.0,162.0,2.4,14.0,199,Part
-484.0,2.4,178.5,0.0,1.5708,0.0,119.0,2.4,20.0,199,Part
-469.0,0.6,160.0,0.0,-1.5708,0.0,104.0,1.2,50.0,199,Part
-592.5,0.6,85.0,0.0,0.0,0.0,131.0,1.2,16.0,199,Part
-470.0,0.6,236.5,0.0,1.5708,0.0,49.0,1.2,20.0,199,Part
-463.0,2.4,162.5,0.0,1.5708,0.0,67.0,2.4,22.0,199,Part
-476.5,5.4,162.5,0.0,0.0,0.0,29.0,3.6,41.0,199,Part
-437.0,0.6,161.5,0.0,0.0,0.0,14.0,1.2,81.0,199,Part
