Color,-10.16,8.1952,-1.5047,-3.1416,-0.364,-3.1416,3,1,4
Color,-10.16,8.1952,3.4953,-3.1416,-0.2211,-3.1416,3,1,4
Part,-10.0969,8.1952,9.5403,-3.1416,1.3952,-3.1416,5.3699998855591,1,4.6700000762939
Part,-10.4067,8.1952,7.1048,-3.1416,0.8463,-3.1416,3,1,3.960000038147
Part,-5.16,9.1952,-1.5047,0,0.6199,0,3,2,3
Color,-4.7027,8.1952,2.0882,-3.1416,0.5848,-3.1416,4.7800002098083,1,4.8699998855591
Color,-6.1325,8.1952,4.9643,-3.1416,0.3215,-3.1416,5,1,3
Part,-0.16,8.1952,3.4953,0,0.5235,0,5,1,3
Part,-0.16,8.1952,3.4953,0,1.5704,0,5,1,3
Part,-0.16,8.1952,8.4953,0,0.7403,0,5,1,3
Part,-0.16,8.1952,8.4953,-3.1416,1.354,-3.1416,5,1,3
Part,4.84,8.1952,-1.5047,-3.1416,0.1791,-3.1416,5,1,3
Part,4.84,8.1952,-1.5047,-3.1416,-0.8681,-3.1416,5,1,3
Part,4.84,9.1952,3.4953,0,1.416,0,3,2,3
Part,8.8708,8.1952,-6.751,0,1.3219,0,5,1,3
Part,11.0475,8.1952,-5.1661,0,1.3219,0,3,1,2
Color,9.84,8.1952,-1.5047,-3.1416,0.3664,-3.1416,3,1,4
Color,14.84,8.1952,-6.5047,0,1.001,0,3,1,3
Part,14.8343,11.5786,-1.4999,0,0.6948,0.4363,2.7999999523163,1.3999999761581,3
Part,14.839,10.6022,-1.5038,0,0.6948,0,3,2,3