Part,-5.6984,8.2249,-9.8232,-3.1416,0.84,-3.1416,5.3699998855591,1,4.6700000762939
Part,-7.2453,8.2249,-11.7297,-3.1416,0.2912,-3.1416,3,1,3.960000038147
Part,-6.3027,8.2249,-5.678,-3.1416,0.4619,-3.1416,3,1,5
Part,-6.3027,10.0749,-0.678,-3.1416,1.3517,-3.1416,5,2,3
Color,-6.3065,11.1426,-0.6949,-3.1416,1.3517,-2.7926,4.5999999046326,1.7999999523163,3
Part,-5.637,8.2249,5.6662,-3.1416,1.1109,-3.1416,1,1,3
Part,-6.5246,8.2249,3.8739,-3.1416,1.1109,-3.1416,3,1,5
Part,-6.3027,9.2249,9.322,0,0.2228,0,3,2,3
Part,0.4626,10.0217,-10.7821,0,1.0286,0,3,2,1
Color,-0.7612,11.0389,-11.5192,-2.4068,-0.8889,-2.5298,3,1.8000000715256,3.6000001430511
Part,-1.7666,10.0218,-10.9574,0,1.0286,0,5,2,3
Color,-2.2538,11.0689,-10.0834,-2.4068,-0.8889,-2.5298,3,1.4000000953674,2.6000001430511
Color,-1.3027,8.2249,-5.678,-3.1416,0.0428,-3.1416,3,1,3
Part,-1.3027,10.0749,-0.678,0,0.5253,0,5,2,3
Color,-1.2878,11.1426,-0.6867,0,0.5253,0.349,4.5999999046326,1.7999999523163,3
Part,0.4638,10.0217,4.2418,0,1.0151,0,3,2,1
Color,-0.7499,11.0389,3.4882,-2.4177,-0.8788,-2.544,3,1.8000000715256,3.6000001430511
Part,-1.7628,10.0218,4.0364,0,1.0151,0,5,2,3
Color,-2.2617,11.0689,4.9037,-2.4177,-0.8788,-2.544,3,1.4000000953674,2.6000001430511
Part,3.6973,8.2249,4.322,-3.1416,0.7992,-3.1416,3,1,5
Color,8.6973,8.2249,4.322,-3.1416,0.4709,-3.1416,3,1,4