Color,-26.425079345703,10.8957862854,-4.0809173583984,3.1415926535898,1.065094260038,2.8797935321068,2,2.4000000953674,1.8000001907349
Part,-26.140090942383,9.0864105224609,-3.5662384033203,-3.1415926535898,1.0650945929332,2.8797932657906,1,3,1
Color,-25.952896118164,8.2557678222656,-3.0216522216797,-2.6363478515921,1.0066125740804,2.7043543331884,2.1999998092651,1.8000000715256,2
Part,-25.962249755859,5.9559516906738,-3.2450866699219,-3.1415926535898,1.0650945929332,-3.1415926535898,1,4.8000001907349,1
Color,-25.114318847656,8.7404899597168,-4.8019409179688,2.3567809182644,0.75367691875838,3.103524896336,1.799999833107,1.8000000715256,2
Part,-25.130081176758,7.4837765693665,-3.3735504150391,2.3567809182644,0.75367658586324,3.1035251626521,1,2,1
Color,-24.315185546875,8.4121599197388,-2.2897186279297,3.0162275410676,0.61721694397688,-2.5600924948354,1.9999998807907,1.6000001430511,2.4000000953674
Part,-25.219375610352,6.3553099632263,-2.8009185791016,3.0162275410676,0.6172167442398,-2.5600922285193,1,3,1
Part,-14.926986694336,10.407060623169,-5.0301971435547,1.5313202899567,1.1225876469151,-1.8080359098633,1,3.2000000476837,1
Part,-15.777893066406,6.9973344802856,-4.4859619140625,-0,0.56902837563244,-0,1,6,1
Part,-16.269653320313,9.7970104217529,-4.8836517333984,-0.87071652365977,0.39087634766965,0.42473547816329,1,1.7999997138977,1
Part,-16.114883422852,11.304191589355,-4.2704315185547,-0,0.56902837563244,0.52359884217733,1,4.4000000953674,1
Part,-15.531845092773,11.672010421753,-3.7922058105469,1.4817350267785,0.35766519755873,-0.5183019146377,1,2.2000000476837,1
Part,-16.014083862305,13.057781219482,-4.3348846435547,-0,0.56902837563244,-0.52359880888781,1,1.6000001430511,1
Part,-6.1126708984375,10.407060623169,-5.6000366210938,2.5853528440909,0.60919783303952,-3.0808355627968,1,3.2000000476837,1
Part,-6.2132720947266,6.9973344802856,-4.5949859619141,-0,1.4710368423636,-0,1,6,1
Part,-6.8301849365234,9.7970104217529,-4.4557647705078,-1.4715292608491,0.78043842534134,1.4301790243937,1,1.7999997138977,1
Part,-6.2530975341797,11.304191589355,-4.1969757080078,-0,1.4710368423636,0.52359884217733,1,4.4000000953674,1
Part,-5.5164031982422,11.672010421753,-4.3578948974609,1.8054197535664,0.28633026394257,-1.4703938221184,1,2.2000000476837,1
Part,-6.2411956787109,13.057781219482,-4.3160247802734,-0,1.4710368423636,-0.52359880888781,1,1.6000001430511,1
Part,-6.2624359130859,5.4944801330566,6.14599609375,-3.1415029050611,1.5222180048249,-2.8798830143194,1,3,1
Part,-6.1658630371094,2.8945212364197,5.5209808349609,-0,1.0957751407973,-0,1,3,1
Part,-5.4442749023438,3.7945151329041,4.9925079345703,0.30973748584307,0.60906640603972,-1.2882377314566,1,2,1
Color,-8.4299163818359,16.901117324829,17.35400390625,7.8338548829288e-008,0.40066875770835,0.26179957089147,1.4000000953674,1.6000000238419,1.8000001907349
Color,-7.6348724365234,12.589456558228,15.17106628418,-0.56004287011452,0.34455698551531,0.20870692455771,2.2000000476837,1.8000000715256,2.2000000476837
Part,-7.2838287353516,11.030611038208,15.999786376953,-0.56004280353549,0.34455685235725,0.20870684133393,1,1.7999997138977,1
Part,-7.602294921875,13.230598449707,16.786254882813,-0,0.40066882428738,0.26179942108866,1,6,1
Part,-7.0498199462891,15.630609512329,16.55224609375,-0,0.40066882428738,-0.52359880888781,1,2.7999999523163,1
Part,-6.8656616210938,8.230640411377,16.474243164063,-0,0.40066882428738,-0,1,6,1
Color,-6.2017364501953,17.499261856079,16.084396362305,5.8142749259839e-009,0.40066879099787,1.0471974846176,1.4000000953674,2,2.4000000953674
Part,-5.9356079101563,11.640649795532,16.080291748047,-0,0.40066882428738,-0.78539816339745,1,3.2000000476837,1
Part,-6.6597900390625,12.230602264404,17.473022460938,0.57395968444392,0.47455336846264,0.012787617382449,1,3.2000000476837,1
Color,-6.5114593505859,14.4573097229,18.822021484375,0.57395955128586,0.47455177056599,0.012787760943477,2.2000002861023,2,2.2000002861023
Color,-4.4509735107422,13.337705612183,15.23420715332,9.7713891604371e-009,0.40066879099787,0.78539822997648,1.6000001430511,2.2000000476837,2.2000002861023
Color,1.4234924316406,16.901117324829,-12.913787841797,7.5254420362958e-008,0.28897238606004,0.26179957089147,1.4000000953674,1.6000000238419,1.8000001907349
Color,2.4568939208984,12.589456558228,-14.994522094727,-0.54212685335517,0.24936557136752,0.14756657159437,2.2000000476837,1.8000000715256,2.2000000476837
Part,2.71337890625,11.030611038208,-14.131820678711,-0.54212678677614,0.24936538827519,0.14756648837059,1,1.7999997138977,1
Part,2.3092346191406,13.230598449707,-13.385757446289,-0,0.28897245263907,0.26179942108866,1,6,1
Part,2.8843536376953,15.630609512329,-13.556732177734,-0,0.28897245263907,-0.52359880888781,1,2.7999999523163,1
Part,3.0760650634766,8.230640411377,-13.613723754883,-0,0.28897245263907,-0,1,6,1
Color,3.779296875,17.499261856079,-13.927124023438,5.5853710459804e-009,0.28897241934955,1.0471974846176,1.4000000953674,2,2.4000000953674
Part,4.0442199707031,11.640649795532,-13.901550292969,-0,0.28897245263907,-0.78539816339745,1,3.2000000476837,1
Part,3.1693115234375,12.230602264404,-12.598205566406,0.54690010355595,0.37990712003475,0.078001133752627,1,3.2000000476837,1
Color,3.1663513183594,14.4573097229,-11.241088867188,0.54690010355595,0.37990552213809,0.078001183686898,2.2000002861023,2,2.2000002861023
Color,5.6139068603516,13.337705612183,-14.576873779297,9.3866965491441e-009,0.28897245263907,0.78539822997648,1.6000001430511,2.2000000476837,2.2000002861023
Part,5.2504119873047,10.407060623169,-4.7479248046875,1.1107297224244,1.0664191161013,-1.3367781033811,1,3.2000000476837,1
Part,4.3007659912109,6.9973344802856,-4.4037933349609,-0,0.34764901540943,-0,1,6,1
Part,3.9083404541016,9.7970104217529,-4.8997650146484,-0.81622258853943,0.24329621059847,0.25083527010459,1,1.7999997138977,1
Part,3.9246826171875,11.304191589355,-4.2675170898438,-0,0.34764901540943,0.52359884217733,1,4.4000000953674,1
Part,4.3884887695313,11.672010421753,-3.6729583740234,1.4028834874332,0.32916234980751,-0.28508057560105,1,2.2000000476837,1
Part,4.0371704101563,13.057781219482,-4.3082885742188,-0,0.34764901540943,-0.52359880888781,1,1.6000001430511,1
Color,3.2660675048828,16.901117324829,8.5711517333984,1.9117040745926e-007,1.1838850930932,0.26179948766769,1.4000000953674,1.6000000238419,1.8000001907349
Color,2.2892608642578,12.589456558228,6.4632568359375,-0.99192757093461,0.93064949925341,0.88703843876962,2.2000000476837,1.8000000715256,2.2000000476837
Part,3.1227569580078,11.030611038208,6.8028564453125,-0.9919273046185,0.93064949925341,0.88703823903254,1,1.7999997138977,1
Part,3.4519805908203,13.230598449707,7.5848846435547,-0,1.1838858920416,0.26179942108866,1,6,1
Part,3.6783752441406,15.630609512329,7.0292358398438,-0,1.1838858920416,-0.52359880888781,1,2.7999999523163,1
Part,3.7538452148438,8.230640411377,6.8440246582031,-0,1.1838858920416,-0,1,6,1
Color,3.9492797851563,17.499261856079,6.0993194580078,1.4188637640694e-008,1.1838853594094,1.0471976177756,1.4000000953674,2,2.4000000953674
Part,4.1349639892578,11.640649795532,5.9086456298828,-0,1.1838858920416,-0.78539822997648,1,3.2000000476837,1
Part,4.6044464111328,12.230602264404,7.4065551757813,1.1659957079448,1.0175793382913,-0.80423097336205,1,3.2000000476837,1
Color,5.6613464355469,14.4573097229,8.2578582763672,1.1659934442579,1.0175780067108,-0.80422890941221,2.2000002861023,2,2.2000002861023
Color,4.590087890625,13.337705612183,4.2615661621094,2.3845229360626e-008,1.1838850930932,0.7853982965555,1.6000001430511,2.2000000476837,2.2000002861023
Color,4.7527923583984,5.8323335647583,16.524169921875,3.1415926535898,-1.3737699435545,-3.1415921209576,2,1.7999999523163,1.8000000715256
Part,4.6940307617188,4.6326055526733,16.818344116211,-3.1415926535898,0.19702664955651,-3.1415926535898,1,3,1
Color,5.6723175048828,8.4878263473511,16.726425170898,-3.1415881262159,-0.32657169327811,-2.879791667894,2.2000000476837,2,2.4000000953674
Part,5.1989898681641,6.7493205070496,16.781158447266,-3.1415881262159,-0.32657156012005,-2.879791667894,1,2,1
Part,3.9878234863281,5.5323286056519,16.269470214844,2.8255476038629,0.63622319230748,2.2263472775556,1,2,1
Color,2.8150177001953,6.5532374382019,15.154922485352,-2.5446765205494,-0.69139769824438,-2.4516501731441,2,1.7999999523163,1.8000000715256
Color,14.11344909668,5.8323335647583,-23.05632019043,3.1415926535898,-0.63436843376629,-3.1415926535898,2,1.7999999523163,1.8000000715256
Part,13.871810913086,4.6326055526733,-22.878555297852,-3.1415926535898,0.93642795960763,-3.1415926535898,1,3,1
Color,14.65657043457,8.4878263473511,-22.287261962891,-3.1415881262159,0.4128295834835,-2.8797953963195,2.2000000476837,2,2.4000000953674
Part,14.269958496094,6.7493205070496,-22.565780639648,-3.1415881262159,0.41282978322058,-2.8797951300034,1,2,1
Part,13.719863891602,5.5323286056519,-23.759979248047,2.1527777187582,1.2668733205598,3.0015220981604,1,2,1
Color,13.604339599609,6.5532374382019,-25.373779296875,-2.6933402978681,-0.041793502974075,-2.8404692954506,2,1.7999999523163,1.8000000715256
Part,13.489776611328,5.541835308075,-14.276412963867,-0,0.0044103294836717,-0,1,4.8000001907349,1
Part,13.856842041016,8.6721973419189,-14.278030395508,-0,0.0044103294836717,-0.26179940444391,1,3,1
Part,13.202529907227,7.0696330070496,-13.484878540039,0.5460131377549,0.12389124427352,-0.7125966602585,1,2,1
Part,12.743255615234,5.9411902427673,-13.83837890625,0.11326787804043,0.4460573117722,0.45965344821684,1,3,1