Part,1.5,9.9999998807907,-4.5000004768372,-0,0,-0,4,5,4
Part,-1.5,10.999999880791,-0.50000095367432,-0,0,-0,4,7,4
Part,-4.5,7.9999998807907,-4.5000014305115,-0,0,-0,4,5,4
Part,1.5,10.499999880791,3.4999990463257,-0,0,-0,4,6,4
Part,-4.5,9.9999998807907,4.4999990463257,-0,0,-0,4,5,4
Part,5.5,10.499999880791,-1.5000009536743,-0,0,-0,4,6,4
Part,-4.5,3.4999998807907,-4.5000009536743,-0,0,-0,2,4,2
Part,5.5,14.999999880791,-1.5000009536743,-0,0,-0,2,3,2
Part,1.5,4.4999998807907,-4.5000009536743,-0,0,-0,2,6,2
Part,5.5,4.4999998807907,-1.5000009536743,0,90,0,2,6,2
Part,-1.5,4.4999998807907,-0.50000095367432,-0,0,-0,2,6,2
Part,1.5,4.4999998807907,3.4999990463257,-0,0,-0,2,6,2
Part,-4.5,4.4999998807907,4.4999990463257,-0,0,-0,2,6,2
Part,-4.5,13.999999880791,4.4999990463257,-0,0,-0,2,3,2