Color,-17.857559204102,16.312801361084,-8.955322265625,3.1415926535898,0.27161869576487,-2.8797932657906,1.4000000953674,1.6000000238419,1.8000001907349
Color,-19.839096069336,12.001139640808,-7.7425079345703,-2.6016713636704,0.23448975272958,3.0032318475803,2.2000000476837,1.8000000715256,2.2000000476837
Part,-19.597640991211,10.442294120789,-8.6095275878906,-2.6016713636704,0.23449001904569,3.0032315812641,1,1.7999997138977,1
Part,-18.858688354492,12.642281532288,-9.0265350341797,-3.1415926535898,0.27161876234389,-2.8797932657906,1,6,1
Part,-19.436676025391,15.04229259491,-9.1875,-3.1415926535898,0.27161876234389,2.6179938779915,1,2.7999999523163,1
Part,-19.629333496094,7.6423234939575,-9.2411651611328,-3.1415926535898,0.27161876234389,-3.1415926535898,1,6,1
Color,-20.391586303711,16.910945892334,-9.3496398925781,3.1415926535898,0.27161866247535,-2.0943952355513,1.4000000953674,2,2.4000000953674
Part,-20.602355957031,11.052332878113,-9.5121459960938,-3.1415926535898,0.27161876234389,2.3561944901923,1,3.2000000476837,1
Part,-19.168380737305,11.642285346985,-10.150833129883,2.6343294418019,0.10788973240994,-2.7817588439554,1,3.2000000476837,1
Color,-18.444320678711,13.868992805481,-11.29866027832,2.6343289091697,0.10789122211567,-2.7817585776393,2.2000002861023,2,2.2000002861023
Color,-22.29084777832,12.749388694763,-9.7747802734375,3.1415926535898,0.2716186458306,-2.3561944901923,1.6000001430511,2.2000000476837,2.2000002861023
Part,-11.94465637207,9.8187437057495,-9.9020538330078,2.6518328017504,-0.40145059522537,2.6551894499883,1,3.2000000476837,1
Part,-11.075424194336,6.4090175628662,-9.3875885009766,-3.1415926535898,0.53441686884134,-3.1415926535898,1,6,1
Part,-11.208923339844,9.2086935043335,-8.7693939208984,-2.2813926867586,0.36843641916658,2.7452298611794,1,1.7999997138977,1
Part,-10.731185913086,10.715874671936,-9.1838531494141,-3.1415926535898,0.53441686884134,-2.6179938779915,1,4.4000000953674,1
Part,-10.566925048828,11.083693504333,-9.9198150634766,1.9297599485431,-0.083438900902027,-2.5574120231983,1,2.2000000476837,1
Part,-10.83415222168,12.469464302063,-9.2447814941406,-3.1415926535898,0.53441686884134,2.6179938779915,1,1.6000001430511,1
Part,0.55818176269531,5.4563999176025,-9.2678527832031,2.6091798800478,0.54901725004353,-2.2553088880941,1,3,1
Part,-0.84700012207031,7.556079864502,-9.4273986816406,-2.8327541177727,0.60500222247918,-3.1285423653001,1,3,1
Part,-0.28492736816406,3.5563974380493,-9.3635864257813,-3.1415926535898,0.898460803264,-3.1415926535898,1,3,1
Part,-0.65861511230469,5.7564010620117,-9.8329925537109,-3.1415926535898,0.898460803264,2.6179938779915,1,3,1
Color,1.8701324462891,16.312801361084,11.955978393555,3.1415926535898,0.6211850540011,-2.8797932657906,1.4000000953674,1.6000000238419,1.8000001907349
Color,-0.40692138671875,12.001139640808,12.416778564453,-2.5241984096633,0.52825381473619,2.7979420749515,2.2000000476837,1.8000000715256,2.2000000476837
Part,0.11686706542969,10.442294120789,11.68489074707,-2.5241984096633,0.52825414763133,2.7979418086354,1,1.7999997138977,1
Part,0.95396423339844,12.642281532288,11.546188354492,-3.1415926535898,0.62118518715915,-2.8797932657906,1,6,1
Part,0.46604919433594,15.04229259491,11.196990966797,-3.1415926535898,0.62118518715915,2.6179938779915,1,2.7999999523163,1
Part,0.30342102050781,7.6423234939575,11.080596923828,-3.1415926535898,0.62118518715915,-3.1415926535898,1,6,1
Color,-0.37557983398438,16.910945892334,10.717620849609,3.1415926535898,0.6211850540011,-2.0943952355513,1.4000000953674,2,2.4000000953674
Part,-0.5179443359375,11.052332878113,10.492752075195,-3.1415926535898,0.62118518715915,2.3561944901923,1,3.2000000476837,1
Part,1.0480346679688,11.642285346985,10.383819580078,2.5869347617784,0.41019774782574,-2.599320058744,1,3.2000000476837,1
Color,2.1214447021484,13.868992805481,9.5533905029297,2.5869339628301,0.41019901282726,-2.5993195261117,2.2000002861023,2,2.2000002861023
Color,-2.0143737792969,12.749388694763,9.6677093505859,3.1415926535898,0.62118498742207,-2.3561944901923,1.6000001430511,2.2000000476837,2.2000002861023
Color,9.7880401611328,10.082282066345,-7.3035736083984,2.3286041412991,0.23066493741676,-2.9045337660014,2,2,2.400000333786
Color,11.590728759766,12.618315696716,-8.5172729492188,-3.1415926535898,0.32924064674356,2.0943953687093,2.4000000953674,2.3999998569489,2.6000003814697
Part,10.059219360352,8.8094911575317,-8.4065093994141,-2.3286044076152,0.23066505393006,2.9045337660014,1,1.7999997138977,1
Part,10.329284667969,12.070245742798,-8.9482879638672,-3.1415926535898,0.32924071332258,2.6179938779915,1,1.6000001430511,1
Part,10.06396484375,6.0095210075378,-9.0389404296875,-3.1415926535898,0.32924071332258,-3.1415926535898,1,6,1
Part,10.453384399414,10.684464454651,-9.6636199951172,1.906714150892,-0.15352188248974,-2.7516550036254,1,2.2000000476837,1
Part,10.442489624023,10.316651344299,-8.9096069335938,-3.1415926535898,0.32924071332258,-2.6179938779915,1,4.4000000953674,1
Part,9.108154296875,9.419529914856,-9.3655090332031,2.5974502533426,-0.58003482094358,2.5403544764163,1,3.2000000476837,1
Color,9.4452972412109,13.629092216492,-9.1446380615234,3.1415926535898,0.32924061345404,2.6179938779915,2.2000000476837,2,2.0000002384186
Color,10.986633300781,11.458566665649,-10.903121948242,-2.8684391447992,0.38510870640735,1.7365591962086,2.2000000476837,2,2.0000002384186
Color,7.8677978515625,11.379687309265,-9.4619140625,-2.7890465842784,0.76115933615706,2.4294157075191,1.6000001430511,2.5999999046326,2.0000002384186
Color,9.2787933349609,10.307469367981,0.44845581054688,9.4907858055144e-008,0.95665766414301,-0.26179922135158,2,2.4000000953674,1.8000001907349
Part,8.9397735595703,8.4980936050415,0.92927551269531,-0,0.95665793045912,-0.26179937115439,1,3,1
Color,8.5312042236328,7.6674509048462,1.3350830078125,-0.43524461143037,0.90986738852892,0.35179915249416,2.1999998092651,1.8000000715256,2
Part,8.7282257080078,5.3676347732544,1.2292938232422,-0,0.95665793045912,-0,1,4.8000001907349,1
Color,10.498992919922,8.1521730422974,1.3139343261719,0.92162065078874,0.8672923642882,-1.4254629655774,1.799999833107,1.8000000715256,2
Part,9.20654296875,6.895459651947,1.9222869873047,0.92162058420971,0.86729196481404,-1.4254633650515,1,2,1
Color,8.5862121582031,7.8238430023193,3.1280822753906,0.54475892203952,1.3727363707354,-0.027359400811846,1.9999998807907,1.6000001430511,2.4000000953674
Part,8.6522369384766,5.7669930458069,2.0914916992188,0.54475908848709,1.3727357049452,-0.02736032043466,1,3,1
Color,8.9194183349609,5.9825463294983,11.309753417969,2.1228278074516e-014,0.71802078702969,-3.0371211511438e-008,2.2000000476837,2,2.4000000953674
Color,9.3694305419922,7.7197465896606,10.171859741211,-0.43902263833178,0.94201260841353,0.55551023651823,1.8000000715256,1.7999999523163,2.4000000953674
Part,9.5305938720703,5.3825602531433,11.705429077148,0.72603224137892,0.86028711877783,-0.0043567253044297,1,3,1
Color,10.64208984375,5.9828152656555,9.9377899169922,8.1154808994971e-008,0.71802078702969,-0.78539822997648,2.2000000476837,2,2.2000000476837
Color,9.7439880371094,7.3142433166504,13.293853759766,0.72603230795795,0.86028698561978,-0.0043563578194082,2.2000000476837,2,2.4000000953674
Part,9.9049224853516,6.6271934509277,10.272079467773,-0.43902263833178,0.94201260841353,0.55551023651823,1,1.1999999284744,1
Part,9.5877532958984,3.4828362464905,10.858840942383,-0,0.71802078702969,-0,1,3,1
Part,10.039627075195,5.6825623512268,10.464096069336,-0,0.71802078702969,-0.52359880888781,1,3,1
Part,19.699981689453,4.9535183906555,1.0771026611328,-3.1415926535898,0.46701545744474,-3.1415926535898,1,4.8000001907349,1
Part,19.372222900391,8.0838804244995,0.91184997558594,-3.1415926535898,0.46701545744474,2.8797932657906,1,3,1
Part,20.315368652344,6.4813160896301,0.50238037109375,2.575927650677,0.27864486373455,2.6768231064713,1,2,1
Part,20.564010620117,5.3528733253479,1.0258941650391,3.0394218099494,0.022742055806353,-2.6305719878199,1,3,1
Color,19.122680664063,10.307469367981,10.821807861328,3.1415926535898,0.80085794668341,2.8797935321068,2,2.4000000953674,1.8000001907349
Part,19.532211303711,8.4980936050415,11.244186401367,-3.1415926535898,0.80085821299952,2.8797932657906,1,3,1
Color,19.855117797852,7.6674509048462,11.720977783203,-2.7741411379733,0.76632180735116,2.880727502701,2.1999998092651,1.8000000715256,2
Part,19.787734985352,5.3676347732544,11.507751464844,-3.1415926535898,0.80085821299952,-3.1415926535898,1,4.8000001907349,1
Color,20.199630737305,8.1521730422974,9.7834777832031,2.490795711691,0.55369312841695,2.8847960138984,1.799999833107,1.8000000715256,2
Part,20.557479858398,6.895459651947,11.166397094727,2.490795711691,0.55369289539036,2.8847960138984,1,2,1
Color,21.627166748047,7.8238430023193,11.999786376953,3.0326392712852,0.35476245183909,-2.5949242450487,1.9999998807907,1.6000001430511,2.4000000953674
Part,20.620849609375,5.7669930458069,11.742477416992,3.0326392712852,0.35476231868103,-2.5949242450487,1,3,1