Part,15.828079223633,9.5929403305054,-1.2038116455078,2.6834732860294,0.20486331731445,2.9605363153002,1,3,1
Part,15.471923828125,13.002666473389,-2.1490173339844,-3.1415926535898,1.2104437333802,-3.1415926535898,1,6,1
Part,15.962875366211,10.202990531921,-2.5477142333984,-1.9097893030028,0.72307193809021,2.0604033131878,1,1,1
Part,15.33088684082,8.6958093643188,-2.5233306884766,-3.1415926535898,1.2104437333802,-2.6179938779915,1,4,1
Part,14.742248535156,8.3279905319214,-2.0520172119141,1.9062124113427,0.1546490321316,-1.9227648896239,1,2,1
Part,15.373077392578,6.9422197341919,-2.411376953125,-3.1415926535898,1.2104437333802,2.6179938779915,1,1,1
Color,9.9326324462891,3.0988836288452,4.7203369140625,9.6239037313627e-007,1.4957700188813,0.26179915477255,1,1,1
Color,11.509140014648,7.4105443954468,6.4268035888672,-1.4416961308439,1.0423454048485,1.421584870398,2,1,2
Part,10.61164855957,8.9693899154663,6.3593597412109,-1.4416958645278,1.0423458043227,1.4215844709238,1,1,1
Part,10.058334350586,6.7694025039673,5.7160797119141,-0,1.4957730815165,0.26179942108866,1,6,1
Part,10.013366699219,4.3693914413452,6.3143920898438,-0,1.4957730815165,-0.52359880888781,1,2,1
Part,9.9983825683594,11.769360542297,6.5138244628906,-0,1.4957730815165,-0,1,6,1
Color,10.040878295898,2.5007390975952,7.2825622558594,7.1428483219541e-008,1.4957706846716,1.0471980838288,1,2,2
Part,9.9226684570313,8.3593511581421,7.5210266113281,-0,1.4957730815165,-0.78539816339745,1,3,1
Part,9.0161895751953,7.76939868927,6.2394409179688,1.7028201409906,1.0619130475369,-1.4216451909967,1,3,1
Color,7.7490539550781,5.5426912307739,5.7535247802734,1.7028168120392,1.0619126480627,-1.4216422615195,2,2,2
Color,9.9949188232422,6.6622953414917,9.2282867431641,1.2004177799967e-007,1.4957700188813,0.78539869602967,1,2,2
Part,10.175308227539,14.458166122437,-2.9961700439453,-3.1415926535898,1.1825435256941,-3.1415926535898,1,4,1
Part,10.314270019531,11.327803611755,-2.6564331054688,-3.1415926535898,1.1825435256941,2.8797932657906,1,3,1
Part,9.3338012695313,12.930368423462,-2.9661102294922,2.2686710325474,0.83316475386716,-3.056217035364,1,2,1
Part,9.4895935058594,14.058811187744,-3.5243377685547,3.0038715388741,0.73365547342024,-2.5403640637962,1,3,1
Color,2.0531463623047,9.3294019699097,8.0735168457031,0.93491548384555,0.49727396085508,-0.57372978706281,2,2,2
Color,1.8546600341797,6.7933683395386,5.9094085693359,-2.5233595524983e-007,0.74045552236863,-1.0471970185644,2,2,2
Part,1.2160797119141,10.602192878723,7.3058319091797,-0.93491535068749,0.49727406072362,0.57372972048379,1,1,1
Part,0.87065124511719,7.341438293457,6.8087158203125,-0,0.74045585526376,-0.52359884217733,1,1,1
Part,0.6636962890625,13.40216255188,6.9978637695313,-0,0.74045585526376,-0,1,6,1
Part,0.30287170410156,8.727219581604,6.3562316894531,1.5468220180298,0.36737754631717,-0.70138461891121,1,2,1
Part,0.95895385742188,9.0950326919556,6.7280120849609,-0,0.74045585526376,0.52359884217733,1,4,1
Part,-0.0819091796875,9.9921541213989,7.6792755126953,1.8769820878502,1.0993943101397,-2.1928017009908,1,3,1
Color,0.27378845214844,5.7825918197632,7.4896850585938,3.2465874159371e-008,0.74045565552668,-0.52359880888781,2,2,2
Color,-0.52806091308594,7.9531173706055,5.2930908203125,-0.31852575099276,0.64627689173864,-1.1041424600472,2,2,2
Color,-0.76229858398438,8.0319967269897,8.7208251953125,-0.2622371948376,0.26779857427347,-0.39274195859227,1,2,2
Part,-0.12599182128906,14.505520820618,-2.5939788818359,-3.1415878598998,-0.48352179646008,-2.8797911352618,1,3,1
Part,0.48153686523438,17.105480194092,-2.7697601318359,-3.1415926535898,0.0400764090553,-3.1415926535898,1,3,1
Part,1.2648620605469,16.205486297607,-2.3380432128906,2.8548988348689,0.48630346821867,2.1713669826412,1,2,1
Part,0.15521240234375,13.955284118652,-13.686126708984,0.69359420693245,0.82668328556418,0.039060691899111,1,3,1
Part,-0.00238037109375,11.855604171753,-12.280731201172,-0.41483797313007,0.9016893534535,0.5251621177372,1,3,1
Part,0.060653686523438,15.855286598206,-12.842880249023,-0,0.67372576019895,-0,1,3,1
Part,-0.40823364257813,13.655282974243,-12.468551635742,-0,0.67372576019895,-0.52359880888781,1,3,1
Color,-10.573776245117,13.429138183594,7.1931915283203,3.1415926535898,0.46969985724451,3.1415926535898,2,2,2
Color,-9.3501434326172,11.691937446594,7.1852722167969,-2.8840391435166,0.19269947883833,-2.999434712498,1,1,2
Part,-10.712326049805,14.029123306274,7.907958984375,2.6867319299392,0.16987101177698,-2.4710992385849,1,3,1
Color,-8.6573638916016,13.428869247437,8.2781982421875,3.1415926535898,0.46969989053403,2.3561944901923,2,2,2
Color,-12.105850219727,12.097440719604,8.6995849609375,2.6867316636231,0.16987114493503,-2.4710992385849,2,2,2
Part,-9.2429351806641,12.784490585327,7.7194061279297,-2.8840391435166,0.19269947883833,-2.999434712498,1,1,1
Part,-9.9057312011719,15.928848266602,7.6445465087891,-3.1415926535898,0.46970002369208,-3.1415926535898,1,3,1
Part,-9.3706970214844,13.729122161865,7.9161071777344,-3.1415926535898,0.46970002369208,2.6179938779915,1,3,1
Color,-8.8099517822266,14.167667388916,-2.7687377929688,3.1415926535898,0.94299538143479,3.1415926535898,2,1,1
Part,-8.6337738037109,15.367395401001,-2.5259246826172,-0,0.62780081220205,-0,1,3,1
Color,-8.0373382568359,11.512174606323,-3.3067932128906,-1.0758436703501e-005,1.1513989220101,0.26180940794275,2,2,2
Part,-8.3183898925781,13.250680923462,-2.9220123291016,-1.0693976875633e-005,1.1513989220101,0.26180917491616,1,2,1
Part,-9.5161743164063,14.467672348022,-2.3797760009766,0.25597450521817,0.15889778940044,-1.1485366896285,1,2,1
Color,-11.130706787109,13.44676399231,-2.2748565673828,-1.653438875952,1.1213179848654,1.9435375461265,2,1,1
Part,-9.4291229248047,14.458166122437,-12.702941894531,-0,0.7797655111129,-0,1,4,1
Part,-9.6901245117188,11.327803611755,-12.444839477539,-0,0.7797655111129,-0.26179940444391,1,3,1
Part,-9.7780151367188,12.930368423462,-13.469284057617,0.78167406550811,0.75030728761013,-1.2326373194824,1,2,1
Part,-9.2025909423828,14.058811187744,-13.538314819336,0.29283906293624,1.209776345211,0.23376061251263,1,3,1