Part,-4,3,-4,-0,-90,0,3,3,3
Part,-4.5,3.5,-1,-0,-90,0,3,4,2
Color,0,2.5,-6,-180,0,-180,11,2,1
Part,-4,3,4,-0,0,-0,3,3,3
Part,-1,3,0,-0,0,-0,3,3,3
Color,-6,2.5,0,0,90,0,13,2,1
Part,-4.5,2,1.5,-0,2.5044780613825e-006,-0,2,1,2
Part,0.5,3.5,-3.4999995231628,-0,0,-0,2,4,4
Color,0,2.5,6,-180,0,-180,11,2,1
Part,1.5,4,-0.5,-0,0,-0,2,5,2
Part,1,3,4,-0,0,-0,3,3,3
Part,3.5,2.5,-3.5,-0,0,-0,2,2,2
Part,3.5,2.5,3.5,-0,0,-0,2,2,2
Part,4,3.5,1.5,-0,0,-0,3,4,2
Part,4.5,2.5,-1.5,-0,0,-0,2,2,2
Color,6,2.5,0,-0,-90,0,13,2,1