Part,-5.2244,10.981,-4.5905,-3.1416,-1.4391,2.967,0.59999990463257,3.1999998092651,3
Part,-5.2851,12.7853,-4.1327,-0.615,-0.1079,-0.0759,3,1,1.7999999523163
Part,-5.3497,8.9296,-3.6455,-3.1416,0.1317,-3.1416,3,1,3
Part,-5.3497,12.4294,-3.6455,-3.1416,0.1317,-3.1416,3,0.60000002384186,3
Part,-6.7376,9.7295,-3.8295,-3.1416,0.1317,-3.1416,0.20000004768372,0.59999996423721,3
Part,-3.9618,9.7295,-3.4616,-3.1416,0.1317,-3.1416,0.20000004768372,0.59999996423721,3
Part,-3.6119,9.13,-3.8187,0,1.439,0,0.20000000298023,1.3999999761581,0.40000000596046
Part,-3.6644,9.9296,-3.4221,0,1.439,0,1,0.20000004768372,0.40000000596046
Part,-3.717,9.13,-3.0256,0,1.439,0,0.20000000298023,1.3999999761581,0.40000000596046
Part,-5.4143,12.7853,-3.1583,0.6149,-0.1079,0.0758,3,1,1.7999999523163
Part,-5.4741,10.981,-2.707,3.1415,-1.4391,-2.9671,0.59999990463257,3.1999998092651,3
Part,-6.1415,8.6389,-0.1288,-3.1416,0.0063,-3.1416,3,2,1
Part,-5.1542,8.6389,1.8775,-3.1416,0.0063,-3.1416,5,2,3
Part,-5.1715,9.7066,1.8774,-3.1416,0.0063,-2.7926,4.5999999046326,1.7999999523163,3
Part,-5.6039,7.7888,6.5894,-3.1416,1.1331,-3.1416,3,2,2
Part,-4.0334,7.7888,6.4066,-3.1416,1.1331,-3.1416,2,2,1
Part,-5.5214,7.7888,11.7134,-3.1416,0.8343,-3.1416,3,2,2
Part,-4.0743,7.7888,11.0763,-3.1416,0.8343,-3.1416,2,2,1
Part,-0.0684,9.5138,-15.3705,-0.0001,1.5235,-1.5708,2.5999999046326,0.60000002384186,2.5999999046326
Part,-0.1534,9.5138,-13.5725,-0.0001,1.5235,-1.5708,2,4,2
Part,-0.2336,9.5138,-11.8747,-0.0001,1.5235,-1.5708,2.5999999046326,0.60000002384186,2.5999999046326
Part,-0.0578,8.7888,-8.7994,0,1.0859,0,5,1,5
Part,-0.0578,10.2886,-8.7994,0,1.0859,0,3,2,3
Part,1.9772,10.2886,-7.7275,-3.1416,0.4848,-3.1416,0.39999997615814,2,3
Part,2.6438,10.7886,-9.6369,0,1.0859,0,1,3,1
Part,1.0141,10.2886,-10.8344,-3.1416,-1.086,-3.1416,0.39999997615814,2,3
Part,-0.8953,10.7886,-11.501,0,1.0859,0,1,3,1
Part,-2.7594,10.7886,-7.9619,0,1.0859,0,1,3,1
Part,0.7797,11.2886,-6.0978,0,1.0859,0,1,4,1
Part,-1.1297,10.2886,-6.7644,0,1.0859,0,0.39999997615814,2,3
Part,-1.67,8.9892,-6.5969,0,-0.4849,0,0.20000000298023,1.3999999761581,0.40000000596046
Part,-1.3161,9.7888,-6.4105,0,-0.4849,0,1,0.20000004768372,0.40000000596046
Part,-0.9622,8.9892,-6.2241,0,-0.4849,0,0.20000000298023,1.3999999761581,0.40000000596046
Part,-2.0928,10.2886,-9.8713,0,-0.4849,0,0.39999997615814,2,3
Part,-0.151,7.7888,-3.6225,0,0.8344,0,3,2,3
Part,-1.0652,8.5856,-0.1362,-3.1416,0.0577,-3.1416,3,2,1
Part,-1.1476,9.6028,1.2901,-0.437,-0.0524,-0.0245,3,1.8000000715256,3.6000001430511
Part,-0.1823,8.5857,1.9181,-3.1416,0.0577,-3.1416,5,2,3
Part,0.818,9.6329,1.9423,-0.437,-0.0524,-0.0245,3,1.4000000953674,2.6000001430511
Part,4.849,8.3296,-8.6225,-3.1416,-0.6617,-3.1416,3,2,3
Part,5.2368,9.4854,-8.9244,2.291,0.7027,-2.5068,3,1,1.7999999523163
Part,4.4612,9.4854,-8.3205,-2.2911,0.7027,2.5067,3,1,1.7999999523163
Part,4.849,8.3296,-3.6225,-3.1416,0.8477,-3.1416,3,2,3
Part,5.1742,9.4854,-3.2539,0.7512,0.5728,-0.4686,3,1,1.7999999523163
Part,4.5238,9.4854,-3.991,-0.7513,0.5728,0.4685,3,1,1.7999999523163
Part,4.824,8.7888,1.1791,-3.1416,1.4454,-3.1416,5,1,5
Part,4.824,10.2886,1.1791,-3.1416,1.4454,-3.1416,3,2,3
Part,7.1059,10.2886,0.8916,-3.1416,-0.1254,-3.1416,0.39999997615814,2,3
Part,6.5582,10.7886,-1.0553,-3.1416,1.4454,-3.1416,1,3,1
Part,4.5364,10.2886,-1.1028,0,-1.4455,0,0.39999997615814,2,3
Part,2.5896,10.7886,-0.5551,-3.1416,1.4454,-3.1416,1,3,1
Part,3.0897,10.7886,3.4135,-3.1416,1.4454,-3.1416,1,3,1
Part,7.0583,11.2886,2.9134,-3.1416,1.4454,-3.1416,1,4,1
Part,5.1115,10.2886,3.4611,-3.1416,1.4454,-3.1416,0.39999997615814,2,3
Part,4.7647,8.9892,3.9079,0,0.1253,0,0.20000000298023,1.3999999761581,0.40000000596046
Part,5.1616,9.7888,3.8579,0,0.1253,0,1,0.20000004768372,0.40000000596046
Part,5.5584,8.9892,3.8079,0,0.1253,0,0.20000000298023,1.3999999761581,0.40000000596046
Part,2.542,10.2886,1.4667,0,0.1253,0,0.39999997615814,2,3