Color,-5.5,17.00025343895,0.5,-180,0,-180,1,1,2
Part,-4.5,14.500251531601,0.5,0,90,0,2,2,2
Part,-5.5,14.500251531601,2.5,-180,0,-180,2,2,2
Color,0,11.500213384628,0,-0,0,-0,7,8,3
Color,-5.5,14.500251531601,4,-180,0,-180,1,6,1
Part,-2.5,4.4999597072601,-0.5,-0,0,-0,2,6,2
Part,0,17.000188589096,0,-0,0,-0,3,3,3
Part,2.5,4.4999768733978,-0.5,-0,0,-0,2,6,2
Part,5,15.000217199326,0.5,0,90,0,2,1,1
Part,5.5,11.500213384628,0.5,0,90,0,2,6,2
Part,4,14.500251531601,0.5,0,90,0,2,2,1
Color,-5.5,18.00025343895,4,-180,0,-180,1,1,5
Color,-5.5,17.00025343895,7,-180,0,-180,1,1,1