Part,-4.9883,9.736,-8.4192,-3.1416,-0.1042,-3.1416,3,2,3
Part,-4.4995,10.8918,-8.4703,1.7182,0.9522,-1.7512,3,1,1.7999999523163
Part,-5.4771,10.8918,-8.3681,-1.7183,0.9522,1.7511,3,1,1.7999999523163
Part,-4.9955,11.5786,-3.4171,0,0.2795,0.4363,2.7999999523163,1.3999999761581,3
Part,-4.9896,10.6022,-3.4188,0,0.2795,0,3,2,3
Part,-5.4333,8.1952,0.6853,0,0.4611,0,5,1,3
Part,-5.2163,8.1952,3.3691,0,0.4611,0,3,1,2
Part,-4.3251,8.1952,7.3908,-3.1416,0.7694,-3.1416,5.3699998855591,1,4.6700000762939
Part,-6.0027,8.1952,5.5983,-3.1416,0.2205,-3.1416,3,1,3.960000038147
Part,0.0117,8.1952,-8.4192,-3.1416,1.3671,-3.1416,5,1,3
Part,0.0117,8.1952,-8.4192,-3.1416,0.3199,-3.1416,5,1,3
Color,0.0117,8.1952,-3.4192,-3.1416,1.1037,-3.1416,3,1,3
Part,-0.3198,8.1952,0.6374,0,0.3378,0,5,1,3
Part,-0.4345,8.1952,3.3275,0,0.3378,0,3,1,2
Part,0.3295,8.1952,8.0468,-3.1416,1.3573,-3.1416,1,1,3
Part,-0.0942,8.1952,6.0922,-3.1416,1.3573,-3.1416,3,1,5
Part,5.0117,8.1952,-8.4192,0,0.8506,0,3,1,5
Part,5.0117,8.1952,-3.4192,-3.1416,1.1789,-3.1416,3,1,5
Color,5.0117,8.1952,1.5808,-3.1416,-0.1025,-3.1416,3,1,4
Color,10.7602,8.1952,-4.6954,-3.1416,0.801,-3.1416,4.7800002098083,1,4.8699998855591
Color,8.7467,8.1952,-2.193,-3.1416,0.5377,-3.1416,5,1,3