Color,-8.5033,6.751,2.663,3.1415,-1.4419,-3.1416,2,1.7999999523163,1.8000000715256
Part,-8.5419,5.5513,2.9605,-3.1416,0.1289,-3.1416,1,3,1
Color,-7.5721,9.4065,2.8022,-3.1416,-0.3947,-2.8798,2.2000000476837,2,2.4000000953674
Part,-8.0407,7.668,2.889,-3.1416,-0.3947,-2.8798,1,2,1
Part,-9.2838,6.451,2.4609,2.8398,0.5713,2.2012,1,2,1
Color,-10.5297,7.4719,1.4287,-2.5104,-0.7471,-2.3996,2,1.7999999523163,1.8000000715256
Color,-4.4061,11.8145,-8.2092,0,0.4801,-0.2618,2,2.4000000953674,1.8000001907349
Part,-4.9279,10.0051,-7.9375,0,0.4801,-0.2618,1,3,1
Color,-5.4771,9.1745,-7.7643,-0.2934,0.4624,0.1339,2.1999998092651,1.8000000715256,2
Part,-5.2535,6.8746,-7.7679,0,0.4801,0,1,4.8000001907349,1
Color,-3.7188,9.6592,-6.8805,0.6364,0.5215,-0.9905,1.799999833107,1.8000000715256,2
Part,-5.1463,8.4025,-6.9327,0.6364,0.5215,-0.9905,1,2,1
Color,-6.2506,9.3309,-6.1458,0.1685,0.9174,0.3743,1.9999998807907,1.6000001430511,2.4000000953674
Part,-5.7165,7.274,-7.0366,0.1685,0.9174,0.3743,1,3,1
Color,-4.8305,7.4896,2.7495,0,0.8489,-0.0001,2.2000000476837,2,2.4000000953674
Color,-4.533,9.2268,1.5625,-0.5347,1.0579,0.6688,1.8000000715256,1.7999999523163,2.4000000953674
Part,-4.1729,6.8896,3.0619,0.8445,0.9531,-0.1547,1,3,1
Color,-3.3018,7.4898,1.1643,0,0.8489,-0.7854,2.2000000476837,2,2.2000000476837
Color,-3.7539,8.8213,4.6089,0.8445,0.9531,-0.1547,2.2000000476837,2,2.4000000953674
Part,-3.989,8.1342,1.592,-0.5347,1.0579,0.6688,1,1.1999999284744,1
Part,-4.2268,4.9898,2.2151,0,0.8489,0,1,3,1
Part,-3.8303,7.1896,1.7648,0,0.8489,-0.5236,1,3,1
Part,-3.9394,6.9634,13.1403,1.1927,1.0861,-0.5609,1,3,1
Part,-4.374,9.0631,11.7945,-0.9093,1.2483,1.076,1,3,1
Part,-4.2002,5.0634,12.3328,0,1.0977,0,1,3,1
Part,-3.9268,7.2634,11.7987,0,1.0977,-0.5236,1,3,1
Part,5.7612,6.4132,-12.6627,-3.1416,0.3208,-2.8798,1,3,1
Part,5.2132,3.8132,-12.9785,-3.1416,0.8444,-3.1416,1,3,1
Part,4.981,4.7132,-13.8422,2.359,1.2083,2.7834,1,2,1
Part,6.5724,12.8243,-7.2872,1.7641,1.0562,-1.492,1,3.2000000476837,1
Part,5.6218,12.2343,-8.5364,0,1.5306,-0.7854,1,3.2000000476837,1
Part,5.5812,8.8246,-7.5271,0,1.5306,0,1,6,1
Part,5.5491,13.8243,-6.7278,0,1.5306,0.2617,1,6,1
Part,5.5732,16.2243,-7.3273,0,1.5306,-0.5236,1,2.7999999523163,1
Part,4.9737,11.6243,-7.3514,-1.5015,1.0458,1.4906,1,1.7999997138977,1