Part,-2.5,16.000003814697,-9.5367431640625e-007,-180,0,-180,2,9,3
Color,-5,16.000009536743,-9.5367431640625e-007,-180,0,-180,3,9,3
Color,0,16.000003814697,-9.5367431640625e-007,-180,0,-180,3,9,3
Part,0,6.0000047683716,-6.5000009536743,0,90,0,2,5,7
Part,2.5,16.000003814697,-9.5367431640625e-007,-180,0,-180,2,9,3
Color,5,16.000003814697,-9.5367431640625e-007,-180,0,-180,3,9,3
Part,0,2.500000834465,-9.5367431640625e-007,-0,0,-0,7,2,11
Part,0,7.5000038146973,-9.5367431640625e-007,-180,0,-180,1,8,3
Part,4.5,6.0000047683716,-9.5367431640625e-007,-0,0,-0,2,5,13
Part,-4.5,6.0000047683716,-9.5367431640625e-007,-0,0,-0,2,5,13
Part,0,6.0000047683716,6.4999990463257,0,90,0,2,5,7