Color,-3.519,8.85,-5.0656,-0.0001,1.5482,0,2.3999998569489,1.5999999046326,3.3999996185303
Part,-3.3742,8.65,-6.6936,3.1415,0.5461,-3.1416,1.5999997854233,1.2000000476837,2.7999997138977
Part,-1.851,9.75,-6.2842,-3.1416,1.3315,3.1415,3.1999998092651,3.4000000953674,3.1999998092651
Part,-2.8109,9.31,-3.7485,-3.1416,1.2716,3.1415,2.8299999237061,2.5199999809265,2.889999628067
Color,-1.8771,12.05,-5.9691,3.1415,1.0697,-3.1416,1.3999997377396,1.2000000476837,2.1999998092651
Color,-0.28,8.85,-5.3292,-0.0001,1.5481,0,2.9999997615814,1.6000000238419,3.7999997138977
Part,-1.4454,8.1499,-1.8216,3.1415,0.7152,-0.0001,4.2000002861023,1.7999999523163,2.7999997138977
Color,-1.9682,8.75,-0.4911,-3.1416,0.977,0,3.3999998569489,3,3.3999996185303
Part,-1.6871,8.25,1.2657,-3.1416,1.5006,0,2.1999998092651,2,3.3999996185303
Part,0.0314,7.9499,-0.0311,-3.1416,1.2388,-0.0001,2.3999998569489,1.3999999761581,1.3999996185303
Part,0.1332,10.75,4.54,-0.0001,-1.5306,-0.0001,5.5999999046326,5,3.0000004768372
Part,-1.8425,10.1499,5.1201,-3.1416,-1.3493,3.1415,5.5999999046326,3.8000001907349,3.0000002384186
Color,-1.1332,9.05,7.4324,3.1415,-0.3021,3.1415,2.9999997615814,1.6000000238419,3.7999997138977
Part,-3.0844,9.45,6.993,3.1415,0.2215,3.1415,3.3999998569489,2.4000000953674,3.3999996185303
Part,-2.2688,10.05,2.4615,3.1415,1.0069,-3.1416,3.3999998569489,3.6000001430511,3.3999996185303
Part,5.0788,10.75,-4.5167,-3.1416,-1.1264,-3.1416,5.5999999046326,5,3.0000004768372
Part,3.0603,10.1499,-4.9241,-3.1416,-0.8646,3.1415,5.5999999046326,3.8000001907349,3.0000002384186
Color,2.6104,9.05,-2.5476,3.1415,0.1826,3.1415,2.9999997615814,1.6000000238419,3.7999997138977
Part,1.0888,9.45,-3.8456,3.1415,0.7062,3.1415,3.3999998569489,2.4000000953674,3.3999996185303
Part,3.9221,10.05,-7.4751,3.1415,1.4916,-3.1416,3.3999998569489,3.6000001430511,3.3999996185303
Part,1.531,8.95,4.169,0,-0.6577,0,2.1999998092651,2.8000001907349,2.9999997615814
Part,3.6801,8.15,3.6112,0,-0.9195,-0.0001,2.3999998569489,1.2000000476837,1.799999833107
Part,2.9117,9.35,4.8995,-3.1416,-0.3895,0,3.3999998569489,3.6000001430511,3.3999996185303
Color,4.8641,8.75,5.179,-3.1416,-1.4367,-3.1416,2.3999998569489,2.4000000953674,1.799999833107