Part,-5.3814,8.0001,-5.7372,0,0.105,0,3,2,2
Part,-5.7213,8.0001,-4.1931,0,0.105,0,2,2,1
Part,-3.5835,9.7251,4.635,-0.0001,0.0714,-1.5708,2.5999999046326,0.60000002384186,2.5999999046326
Part,-5.3789,9.7251,4.7636,-0.0001,0.0714,-1.5708,2,4,2
Part,-7.0742,9.7251,4.885,-0.0001,0.0714,-1.5708,2.5999999046326,0.60000002384186,2.5999999046326
Part,4.8365,9,-5.3523,0,0.5963,0,5,1,5
Part,4.8365,10.4998,-5.3523,0,0.5963,0,3,2,3
Part,6.1282,10.4998,-3.4493,-3.1416,0.9744,-3.1416,0.39999997615814,2,3
Part,7.6145,10.9998,-4.8208,0,0.5963,0,1,3,1
Part,6.7395,10.4998,-6.6441,-3.1416,-0.5964,-3.1416,0.39999997615814,2,3
Part,5.368,10.9998,-8.1304,0,0.5963,0,1,3,1
Part,2.0584,10.9998,-5.8838,0,0.5963,0,1,3,1
Part,4.305,11.4998,-2.5743,0,0.5963,0,1,4,1
Part,2.9335,10.4998,-4.0606,0,0.5963,0,0.39999997615814,2,3
Part,2.3779,9.2004,-4.1669,0,-0.9745,0,0.20000000298023,1.3999999761581,0.40000000596046
Part,2.6025,10.0001,-3.8359,0,-0.9745,0,1,0.20000004768372,0.40000000596046
Part,2.8272,9.2004,-3.505,0,-0.9745,0,0.20000000298023,1.3999999761581,0.40000000596046
Part,3.5447,10.4998,-7.2553,0,-0.9745,0,0.39999997615814,2,3
Part,5.9807,8.7969,5.9482,0,0.2329,0,3,2,1
Part,5.6509,9.8141,4.5581,-2.6947,-0.2109,-3.0417,3,1.8000000715256,3.6000001430511
Part,4.546,8.7969,4.2331,0,0.2329,0,5,2,3
Part,3.5808,9.8441,4.4967,-2.6947,-0.2109,-3.0417,3,1.4000000953674,2.6000001430511