Part,-10.9859,8.6749,2.5035,-3.1416,0.5323,-3.1416,3,2,3
Part,-10.9846,11.0543,7.5031,-3.1416,-0.3474,-2.7053,2.7999999523163,1.3999999761581,3
Part,-10.9789,10.078,7.501,0,0.3473,0,3,2,3
Part,-10.9859,12.525,12.5035,-3.1416,-0.8384,-3.1416,2.5999999046326,0.60000002384186,2.5999999046326
Part,-10.9859,10.7249,12.5035,-3.1416,-0.8384,-3.1416,2,4,2
Part,-10.9859,9.0251,12.5035,-3.1416,-0.8384,-3.1416,2.5999999046326,0.60000002384186,2.5999999046326
Part,-5.9859,12.525,-2.4965,-3.1416,-1.5335,-3.1416,2.5999999046326,0.60000002384186,2.5999999046326
Part,-5.9859,10.7249,-2.4965,-3.1416,-1.5335,-3.1416,2,4,2
Part,-5.9859,9.0251,-2.4965,-3.1416,-1.5335,-3.1416,2.5999999046326,0.60000002384186,2.5999999046326
Part,-5.9859,9.525,2.5035,0,0.68,0,5,2,3
Part,-5.9725,10.5927,2.4927,0,0.68,0.349,4.5999999046326,1.7999999523163,3
Part,-0.9872,11.0543,-7.4966,0,-0.1012,0.4363,2.7999999523163,1.3999999761581,3
Part,-0.9933,10.078,-7.4972,-3.1416,0.1011,-3.1416,3,2,3
Part,4.0141,8.6749,-12.4965,-3.1416,1.3628,-3.1416,3,2,3
Part,3.6843,8.6749,-7.8723,0,0.7202,0,3,2,2
Part,4.2978,8.6749,-6.415,0,0.7202,0,2,2,1
Part,4.0141,12.525,-2.4965,-3.1416,0.5662,-3.1416,2.5999999046326,0.60000002384186,2.5999999046326
Part,4.0141,10.7249,-2.4965,-3.1416,0.5662,-3.1416,2,4,2
Part,4.0141,9.0251,-2.4965,-3.1416,0.5662,-3.1416,2.5999999046326,0.60000002384186,2.5999999046326
Part,9.0215,11.0583,-12.4952,-3.1416,0.1718,-2.7053,2.7999999523163,1.3999999761581,3
Part,9.0154,10.0819,-12.4963,-3.1416,0.1718,-3.1416,3,2,3
Part,9.0182,11.056,-7.493,-3.1416,0.0971,-2.7053,2.7999999523163,1.3999999761581,3
Part,9.0188,10.0799,-7.4991,0,1.4736,0,3,2,3
Part,14.0181,11.056,-7.5,-3.1416,-1.3272,-2.7053,2.7999999523163,1.3999999761581,3
Part,14.0122,10.0799,-7.5015,-3.1416,0.2436,-3.1416,3,2,3
Part,15.4617,10.3999,-1.5131,-0.0001,-0.5967,-1.5708,2.5999999046326,0.60000002384186,2.5999999046326
Part,13.9728,10.3999,-2.5246,-0.0001,-0.5967,-1.5708,2,4,2
Part,12.5668,10.3999,-3.4796,-0.0001,-0.5967,-1.5708,2.5999999046326,0.60000002384186,2.5999999046326