Part,-4.5,14.499998092651,0.5,0,90,0,2,2,2
Color,-5.5,9.5,4.5,-180,0,-180,2,16,2
Part,-5.5,14.499998092651,2.5,-180,-2.5044780613825e-006,-180,2,2,2
Color,0,11.499998092651,0,-0,0,-0,7,8,3
Part,-2.5,2.5,-3.5,-0,0,-0,2,2,4
Part,-2.5,6.5,-0.5,-0,0,-0,2,2,2
Part,-2.5,4.5,-1.5,-0,0,-0,2,2,2
Part,0,17,0,-0,0,-0,3,3,3
Part,2.5,5.5000009536743,3.5,-0,0,-0,2,2,2
Part,2.5,6.5000009536743,1,-0,0,-0,2,2,3
Part,2.5,3,4.5,-0,0,-0,2,3,2
Part,4,14.499998092651,0.5,0,90,0,2,2,1
Part,5,14.999998092651,0.5,0,90,0,2,1,1
Part,5.5,11.499998092651,0.5,0,90,0,2,6,2