Color,-8.9719,12.4541,1.8642,-2.8889,0.0165,-2.9534,1,3,1
Color,-7.7292,10.3544,1.1891,2.6937,0.006,-2.5507,1,3,1
Part,-8.4748,6.9546,1.5942,-3.1416,0.2877,-3.1416,1,6,1
Part,-9.0501,10.6544,1.4239,-3.1416,0.2877,2.6179,1,3,1
Part,-3.6072,5.7268,2.2758,-3.1416,1.0184,-3.1416,1,4.8000001907349,1
Color,-3.7998,8.8571,1.9634,-3.1416,1.0184,2.8797,1,3,1
Part,-2.7819,7.2546,2.1087,2.3862,0.7201,3.0596,1,2,1
Color,-2.8443,6.1262,2.6849,3.0201,0.5708,-2.5671,1,3,1
Part,1.6639,5.7268,-7.8603,-3.1416,0.3191,-3.1416,1,4.8000001907349,1
Color,1.3153,8.8571,-7.9755,-3.1416,0.3191,2.8797,1,3,1
Part,2.1879,7.2546,-8.5194,2.593,0.153,2.5968,1,2,1
Color,2.5109,6.1262,-8.0383,3.0386,-0.1244,-2.6458,1,3,1
Color,1.2818,12.4541,-3.473,-1.8866,1.3046,2.0898,1,3,1
Color,2.0795,10.3544,-2.3052,1.7655,1.1136,-1.1992,1,3,1
Part,1.6009,6.9546,-3.0059,0,1.3846,0,1,6,1
Part,1.7119,10.6544,-3.5955,0,1.3846,-0.5236,1,3,1
Color,1.3914,12.4541,1.5252,-0.7774,1.2063,0.9359,1,3,1
Color,1.7403,10.3544,2.8957,1.0871,1.0597,-0.4408,1,3,1
Part,1.531,6.9546,2.0734,0,1.0347,0,1,6,1
Part,1.8374,10.6544,1.5576,0,1.0347,-0.5236,1,3,1
Color,6.3948,12.0905,-2.0165,0.6284,0.6068,-0.0929,1,3.2000000476837,1
Part,6.8876,11.5005,-3.5069,0,0.5608,-0.7854,1,3.2000000476837,1
Part,6.0323,8.0908,-2.9696,0,0.5608,0,1,6,1
Part,5.3548,13.0905,-2.5441,0,0.5608,0.2617,1,6,1
Color,5.8629,15.4904,-2.8632,0,0.5608,-0.5236,1,2.7999999523163,1
Color,5.5437,10.8905,-3.3713,-0.5985,0.4787,0.3043,1,1.7999997138977,1
Color,7.1177,12.0905,2.683,1.2794,1.0423,-0.9365,1,3.2000000476837,1
Part,6.5411,11.5005,1.223,0,1.2562,-0.7854,1,3.2000000476837,1
Part,6.2286,8.0908,2.1834,0,1.2562,0,1,6,1
Part,5.9811,13.0905,2.9442,0,1.2562,0.2617,1,6,1
Color,6.1667,15.4904,2.3736,0,1.2562,-0.5236,1,2.7999999523163,1
Color,5.5962,10.8905,2.188,-1.0789,0.9676,0.9939,1,1.7999997138977,1