Part,-8.3997,7.7759,-0.9694,-1.3151,1.1067,1.8743,1,4,1
Part,-7.5353,6.376,-1.9143,-3.1416,1.4157,-3.1416,1,6,1
Color,-7.5353,10.8758,-1.9143,-3.1416,1.4157,3.1415,1,3,1
Part,-8.5742,6.6219,-2.4097,-3.1416,0.6303,2.3561,1,3,1
Color,-1.4125,11.7615,-6.822,2.3529,0.8218,-2.2064,1,3.2000000476837,1
Part,-2.827,11.1716,-7.5026,-3.1416,1.1391,2.3561,1,3.2000000476837,1
Part,-2.4044,7.7619,-6.5852,-3.1416,1.1391,-3.1416,1,6,1
Part,-2.0697,12.7615,-5.8586,-3.1416,1.1391,-2.8798,1,6,1
Color,-2.3207,15.1615,-6.4036,-3.1416,1.1391,2.6179,1,2.7999999523163,1
Color,-2.8657,10.5615,-6.1525,-2.198,0.9052,2.3152,1,1.7999997138977,1
Color,-2.4678,11.8053,-2.2085,-0.4186,0.9592,0.3492,1,2.9200000762939,1
Part,-2.3627,9.4698,-1.8784,0,0.2156,-0.2618,1,3,1
Color,-2.8362,7.8673,-0.9657,0.5703,0.3032,-0.827,1,2,1
Part,-2.7213,6.3395,-1.7999,0,0.2156,0,1,4.8000001907349,1
Part,-3.3594,6.7389,-1.2151,0.129,0.6557,0.4297,1,3,1
Color,2.4658,11.8053,-7.221,-0.614,1.1537,0.5723,1,2.9200000762939,1
Part,2.641,9.4698,-6.9223,0,0.4379,-0.2618,1,3,1
Color,2.3804,7.8673,-5.9276,0.6227,0.4874,-0.9621,1,2,1
Part,2.3086,6.3395,-6.7666,0,0.4379,0,1,4.8000001907349,1
Part,1.8151,6.7389,-6.0555,0.1599,0.8758,0.3854,1,3,1
Color,2.1439,12.1251,-1.8182,-2.8834,-0.2061,-2.8951,1,3,1
Color,3.1999,10.0255,-2.7588,2.6838,-0.201,-2.6517,1,3,1
Part,2.5663,6.6257,-2.1944,-3.1416,0.0577,-3.1416,1,6,1
Part,1.9673,10.3255,-2.229,-3.1416,0.0577,2.6179,1,3,1
Part,1.2029,7.7759,3.3486,-0.6094,0.7128,1.0162,1,4,1
Part,2.4588,6.376,3.0982,0,1.0928,0,1,6,1
Color,2.4588,10.8758,3.0982,-0.0001,1.0928,0,1,3,1
Part,1.9143,6.6219,2.0842,-3.1416,1.2633,2.3561,1,3,1
Color,5.9651,10.263,2.7764,2.5898,-0.5988,2.5265,1,3.2000000476837,1
Part,6.9279,6.8534,3.082,-3.1416,0.3072,-3.1416,1,6,1
Part,6.937,9.653,3.7143,-2.3323,0.2155,2.9208,1,1.7999997138977,1
Part,7.3092,11.1601,3.203,-3.1416,0.3072,-2.618,1,4.4000000953674,1
Part,7.3035,11.528,2.4489,1.9034,-0.1608,-2.7727,1,2.2000000476837,1
Color,7.1951,12.9137,3.1668,-3.1416,0.3072,2.6179,1,1.6000001430511,1