Color,-6,2.5,-4,-0,2.5044780613825e-006,-0,1,2,3
Color,-4,2.5,-6,-0,-90,0,1,2,3
Color,-3,8.9999997615814,2,-180,0,-180,5,5,1
Part,-5,4.4999997615814,2,-0,0,-0,1,2,7
Part,-3,2.5,2,-0,0,-0,3,2,7
Part,-1,4.5,2.0000009536743,-0,0,-0,1,2,7
Part,-3,4.9999997615814,2,-180,0,-180,1,3,3
Part,-2.5,4.5,-2,0,90,0,1,2,4
Color,0,2.5,-6,-0,-90,0,1,2,3
Part,-3,4.4999997615814,6,0,90,0,1,2,3
Color,4,2.5,-6,-0,-90,0,1,2,3
Color,6,2.5,4,-180,0,-180,1,2,3
Color,4,2.5,6,0,90,0,1,2,3
Color,6,2.5,-4,-180,0,-180,1,2,3
Color,6,2.5,0,-180,0,-180,1,2,3
Color,0,2.5,6,0,90,0,1,2,3