Part,-10.7364,12.061,-2.309,0.9789,1.0218,-1.1845,1,3.2000000476837,1
Part,-11.7128,8.6513,-2.0501,0,0.2591,0,1,6,1
Part,-12.0598,11.451,-2.5788,-0.8024,0.1822,0.1853,1,1.7999997138977,1
Part,-12.0994,12.9582,-1.9476,0,0.2591,0.5235,1,4.4000000953674,1
Part,-11.69,13.326,-1.3144,1.3739,0.313,-0.1934,1,2.2000000476837,1
Part,-11.9838,14.7117,-1.9783,0,0.2591,-0.5236,1,1.6000001430511,1
Color,-13.1916,7.4863,8.3983,3.1415,0.9832,3.1415,2,1.7999999523163,1.8000000715256
Part,-13.3579,6.2866,8.1485,0,0.5875,0,1,3,1
Color,-13.9853,10.1418,8.9048,-0.0001,1.1111,0.2618,2.2000000476837,2,2.4000000953674
Part,-13.689,8.4033,8.5316,-0.0001,1.1111,0.2618,1,2,1
Part,-12.4703,7.1863,8.038,0.2545,0.1199,-1.1383,1,2,1
Color,-10.8529,8.2072,7.9982,-1.5699,1.1229,1.8507,2,1.7999999523163,1.8000000715256
Part,-1.8019,7.1958,-1.4983,-3.1416,0.2376,-3.1416,1,4.8000001907349,1
Part,-2.1586,10.3262,-1.5847,-3.1416,0.2376,2.8797,1,3,1
Part,-1.3332,8.7236,-2.1978,2.5981,0.0834,2.5542,1,2,1
Part,-0.9721,7.5952,-1.7446,3.0372,-0.2054,-2.6543,1,3,1
Color,7.5396,12.5497,-11.7221,3.1415,0.93,2.8797,2,2.4000000953674,1.8000001907349
Part,7.8912,10.7404,-11.2504,-3.1416,0.9301,2.8797,1,3,1
Color,8.15,9.9097,-10.736,-2.7202,0.8857,2.8074,2.1999998092651,1.8000000715256,2
Part,8.1107,7.6099,-10.9561,-3.1416,0.9301,-3.1416,1,4.8000001907349,1
Color,8.7414,10.3945,-12.6129,2.4347,0.6543,2.9833,1.799999833107,1.8000000715256,2
Part,8.918,9.1377,-11.1954,2.4347,0.6543,2.9833,1,2,1
Color,9.8713,10.0661,-10.2311,3.0261,0.4831,-2.5791,1.9999998807907,1.6000001430511,2.4000000953674
Part,8.9066,8.0093,-10.616,3.0261,0.4831,-2.5791,1,3,1
Color,7.5914,12.5497,-1.9549,0,1.44,-0.2618,2,2.4000000953674,1.8000001907349
Part,7.5147,10.7404,-1.3716,0,1.44,-0.2618,1,3,1
Color,7.3416,9.9097,-0.8224,-1.1181,1.2788,1.1007,2.1999998092651,1.8000000715256,2
Part,7.4669,7.6099,-1.0077,0,1.44,0,1,4.8000001907349,1
Color,9.0741,10.3945,-1.7558,1.5866,1.0293,-2.227,1.799999833107,1.8000000715256,2
Part,8.2125,9.1377,-0.6164,1.5866,1.0293,-2.227,1,2,1
Color,8.2237,10.0661,0.7396,2.8206,1.2416,-2.3282,1.9999998807907,1.6000001430511,2.4000000953674
Part,7.8003,8.0093,-0.2089,2.8206,1.2416,-2.3282,1,3,1
Part,18.9383,12.061,-2.8224,1.7289,1.1168,-2.0276,1,3.2000000476837,1
Part,18.1433,8.6513,-2.1994,0,0.6647,0,1,6,1
Part,17.6158,11.451,-2.5483,-0.904,0.4513,0.506,1,1.7999997138977,1
Part,17.8284,12.9582,-1.9527,0,0.6647,0.5235,1,4.4000000953674,1
Part,18.4545,13.326,-1.5323,1.5178,0.3644,-0.6204,1,2.2000000476837,1
Part,17.9226,14.7117,-2.0264,0,0.6647,-0.5236,1,1.6000001430511,1