Part,-19.396408081055,5.4944791793823,-9.3164367675781,-3.1415875935837,0.54101694768137,-2.8797959289517,1,3,1
Part,-19.862213134766,2.8945202827454,-9.7442321777344,-3.1415926535898,1.064615290516,-3.1415926535898,1,3,1
Part,-19.900238037109,3.7945141792297,-10.637847900391,1.7340229347445,1.3146371147104,-2.8465756575141,1,2,1
Part,-18.307769775391,10.407059669495,-0.49168395996094,1.4895848272496,1.1213733786161,-1.7617138179688,1,3.2000000476837,1
Part,-19.169464111328,6.9973335266113,0.035308837890625,-0,0.54889424529068,-0,1,6,1
Part,-19.653106689453,9.7970094680786,-0.3721923828125,-0.86450423436397,0.3778562862583,0.40816875197024,1,1.7999997138977,1
Part,-19.510711669922,11.304190635681,0.2440185546875,-0,0.54889424529068,0.52359880888781,1,4.4000000953674,1
Part,-18.937423706055,11.672009468079,0.73387145996094,1.4742635283403,0.35579938689902,-0.49690747659958,1,2.2000000476837,1
Part,-19.408645629883,13.057780265808,0.18159484863281,-0,0.54889424529068,-0.52359880888781,1,1.6000001430511,1
Color,-15.746124267578,10.67059803009,-8.005859375,1.9355613786617,0.71223120797791,-2.0995901307316,2,2,2.400000333786
Color,-13.644409179688,13.206631660461,-7.4530944824219,-3.1415923872737,1.1789951298577,2.094394702919,2.4000000953674,2.3999998569489,2.6000003814697
Part,-14.738662719727,9.3978071212769,-8.5303039550781,-1.9355613786617,0.71223147429402,2.0995901307316,1,1.7999997138977,1
Part,-14.153427124023,12.658561706543,-8.6851196289063,-3.1415926535898,1.1789960619641,2.6179938779915,1,1.6000001430511,1
Part,-14.260498046875,6.597836971283,-8.9442443847656,-3.1415926535898,1.1789960619641,-3.1415926535898,1,6,1
Part,-13.534210205078,11.272780418396,-9.0641479492188,1.9106802635454,0.1442305961444,-1.952771258258,1,2.2000000476837,1
Part,-14.107757568359,10.904967308044,-8.5745544433594,-3.1415926535898,1.1789960619641,-2.6179938779915,1,4.4000000953674,1
Part,-14.646194458008,10.007845878601,-9.8777770996094,2.6861518934538,0.17663938575314,2.9464101099301,1,3.2000000476837,1
Color,-14.58952331543,14.217408180237,-9.4787139892578,3.1415926535898,1.1789955293319,2.6179938779915,2.2000000476837,2,2.0000002384186
Color,-12.251159667969,12.046882629395,-9.4818878173828,-2.4580984850915,1.1637521278845,1.1992531304797,2.2000000476837,2,2.0000002384186
Color,-15.392623901367,11.96800327301,-10.873062133789,-1.2996239435392,1.3083078460637,0.82684567181165,1.6000001430511,2.5999999046326,2.0000002384186
Color,-15.190216064453,6.5708622932434,0.78070068359375,1.6999176967408e-014,0.34678618450576,-3.2940346303992e-008,2.2000000476837,2,2.4000000953674
Color,-14.358062744141,8.3080625534058,-0.11642456054688,-0.30666652821107,0.59501463602208,0.36822226772543,1.8000000715256,1.7999999523163,2.4000000953674
Part,-14.764221191406,5.9708762168884,1.3711395263672,0.53568123785837,0.55796111037991,0.28350325186643,1,3,1
Color,-13.087188720703,6.5711312294006,0.12712097167969,6.4987127609638e-008,0.34678615121624,-0.78539816339745,2.2000000476837,2,2.2000000476837
Color,-15.141586303711,7.9025592803955,2.9287567138672,0.53568130443739,0.55796097722186,0.283503418314,2.2000000476837,2,2.4000000953674
Part,-13.895401000977,7.2155094146729,0.17120361328125,-0.30666652821107,0.59501463602208,0.36822226772543,1,1.1999999284744,1
Part,-14.403823852539,4.0711522102356,0.60293579101563,-0,0.34678611792673,-0,1,3,1
Part,-13.839538574219,6.2708783149719,0.39901733398438,-0,0.34678611792673,-0.52359880888781,1,3,1
Color,-10.025955200195,6.5708622932434,-9.0065155029297,2.0858831205042e-014,0.69750312820145,-3.0549494731301e-008,2.2000000476837,2,2.4000000953674
Color,-9.5526885986328,8.3080625534058,-10.13493347168,-0.4274077605801,0.92338998843796,0.54105080311672,1.8000000715256,1.7999999523163,2.4000000953674
Part,-9.4230346679688,5.9708762168884,-8.598388671875,0.7105811133665,0.84483825445234,0.016162598779717,1,3,1
Color,-8.2754974365234,6.5711312294006,-10.342849731445,7.9742424766673e-008,0.69750312820145,-0.78539822997648,2.2000000476837,2,2.2000000476837
Color,-9.2422790527344,7.9025592803955,-7.0059204101563,0.71058117994553,0.84483812129428,0.016162995132989,2.2000000476837,2,2.4000000953674
Part,-9.0193634033203,7.2155094146729,-10.02375793457,-0.4274077605801,0.92338998843796,0.54105080311672,1,1.1999999284744,1
Part,-9.3485107421875,4.0711522102356,-9.4436340332031,-0,0.69750312820145,-0,1,3,1
Part,-8.8886413574219,6.2708783149719,-9.8290100097656,-0,0.69750312820145,-0.52359884217733,1,3,1
Part,-4.5766754150391,5.4944791793823,-9.3022308349609,-3.141580935681,1.1919239780017,-2.8798041847511,1,3,1
Part,-4.6880340576172,2.8945202827454,-9.9247894287109,-0,1.426070299464,-0,1,3,1
Part,-4.1768493652344,3.7945141792297,-10.658721923828,0.42431989187518,0.91822212434266,-1.4517632792386,1,2,1
Part,-4.3366851806641,5.4944791793823,0.64884948730469,-3.1415881262159,0.29614770769553,-2.8797945973712,1,3,1
Part,-4.8923034667969,2.8945202827454,0.34674072265625,-3.1415926535898,0.81974588408258,-3.1415926535898,1,3,1
Part,-5.1458435058594,3.7945141792297,-0.510986328125,2.4028083313842,1.1904367356909,2.7364739201475,1,2,1
Color,5.2704162597656,10.895785331726,-9.8028564453125,1.7316643529933e-007,1.2494647691462,-0.26179925464109,2,2.4000000953674,1.8000001907349
Part,5.0846099853516,9.0864095687866,-9.2446594238281,-0,1.2494654349364,-0.26179940444391,1,3,1
Color,4.8105621337891,8.2557668685913,-8.7381896972656,-0.70356341757803,1.1592058455876,0.66089777928122,2.1999998092651,1.8000000715256,2
Part,4.9686584472656,5.9559507369995,-8.8963470458984,-0,1.2494654349364,-0,1,4.8000001907349,1
Color,6.6884918212891,8.7404890060425,-9.326416015625,1.2798410508557,1.0028374100772,-1.8671249297075,1.799999833107,1.8000000715256,2
Part,5.6266479492188,7.4837756156921,-8.3709106445313,1.2798410508557,1.002836944024,-1.8671253291816,1,2,1
Color,5.3807525634766,8.4121589660645,-7.0373840332031,2.4449041197868,1.4112131895327,-1.9425009106722,1.9999998807907,1.6000001430511,2.4000000953674
Part,5.144775390625,6.355309009552,-8.0489044189453,2.4449043861029,1.411211591636,-1.9425007775141,1,3,1
Part,14.813095092773,6.0447158813477,-8.6706695556641,0.46749402749263,0.2806933838898,0.44905776221434,1,3,1
Part,15.781234741211,8.1443958282471,-9.7015228271484,-0.2641170370273,0.29207337083333,0.27027118618756,1,3,1
Part,15.393981933594,4.1447134017944,-9.2891998291016,-0,0.03135168942593,-0,1,3,1
Part,15.993682861328,6.3447170257568,-9.3079986572266,-0,0.03135168942593,-0.52359880888781,1,3,1
Part,15.478988647461,5.4944791793823,0.70602416992188,-3.1415846641065,0.99259642384238,-2.8797999236934,1,3,1
Part,15.246566772461,2.8945202827454,0.11782836914063,-3.1415926535898,1.5161948665455,-3.1415926535898,1,3,1
Part,15.602294921875,3.7945141792297,-0.70278930664063,0.57579466901401,1.0937769710314,-1.6302641813041,1,2,1
Color,13.209259033203,16.90111541748,11.928817749023,7.9244173853793e-008,0.42684307056047,0.26179957089147,1.4000000953674,1.6000000238419,1.8000001907349
Color,13.946884155273,12.589455604553,9.7258148193359,-0.56522891028425,0.36669704207963,0.22360041992738,2.2000000476837,1.8000000715256,2.2000000476837
Part,14.31950378418,11.030610084534,10.545059204102,-0.56522884370523,0.36669690892157,0.22360035334835,1,1.7999997138977,1
Part,14.021743774414,13.230597496033,11.339599609375,-0,0.42684317042901,0.26179942108866,1,6,1
Part,14.567901611328,15.630608558655,11.091201782227,-0,0.42684317042901,-0.52359880888781,1,2.7999999523163,1
Part,14.749954223633,8.2306394577026,11.008407592773,-0,0.42684317042901,-0,1,6,1
Color,15.403442382813,17.49925994873,10.601333618164,5.8814900273499e-009,0.42684313713949,1.0471974846176,1.4000000953674,2,2.4000000953674
Part,15.669357299805,11.640648841858,10.590255737305,-0,0.42684317042901,-0.78539816339745,1,3.2000000476837,1
Part,14.981887817383,12.23060131073,12.00146484375,0.58150248902032,0.49648027227121,-0.0033743665815633,1,3.2000000476837,1
Color,15.165466308594,14.457308769226,13.346115112305,0.58150235586226,0.49647860779553,-0.0033742290022453,2.2000002861023,2,2.2000002861023
Color,17.13134765625,13.337704658508,9.7056121826172,9.8843512070296e-009,0.42684313713949,0.78539822997648,1.6000001430511,2.2000000476837,2.2000002861023