Part,-12.536697387695,11.280475616455,10.125701904297,0.59377566690395,0.52919750586846,-0.028383950092119,1,3.2000000476837,1
Part,-11.905227661133,10.690528869629,8.6885681152344,-0,0.46615265983058,-0.78539816339745,1,3.2000000476837,1
Part,-12.807479858398,7.2807722091675,9.1425323486328,-0,0.46615265983058,-0,1,6,1
Part,-13.52214050293,12.280477523804,9.5020904541016,-0,0.46615265983058,0.26179942108866,1,6,1
Part,-12.986145019531,14.680463790894,9.232421875,-0,0.46615265983058,-0.52359880888781,1,2.7999999523163,1
Part,-13.255813598633,10.080467224121,8.6964263916016,-0.5737759263287,0.39980366311776,0.24645350458406,1,1.7999997138977,1
Color,-8.5308380126953,10.045501708984,-2.7242431640625,0.78582333706548,0.02914781127178,-0.029160145036579,2,2,2.400000333786
Color,-9.7718048095703,12.581535339355,-0.94021606445313,-1.8642300336161e-007,0.041226923774539,-1.0471972183015,2.4000000953674,2.3999998569489,2.6000003814697
Part,-8.3842926025391,8.7727108001709,-1.5979614257813,-0.78582327048645,0.029147750934537,0.029160145036579,1,1.7999997138977,1
Part,-8.4398956298828,12.033465385437,-0.99516296386719,-0,0.041226990353566,-0.52359880888781,1,1.6000001430511,1
Part,-8.1597442626953,5.972740650177,-1.0067138671875,-0,0.041226990353566,-0,1,6,1
Part,-8.2965698242188,10.64768409729,-0.28341674804688,1.3107014952515,0.26352611487093,0.028052698625594,1,2.2000000476837,1
Part,-8.5594177246094,10.279870986938,-0.990234375,-0,0.041226990353566,0.52359880888781,1,4.4000000953674,1
Part,-7.1505432128906,9.3827495574951,-1.04833984375,0.74588144677355,0.87879349177182,-0.89937300251638,1,3.2000000476837,1
Color,-7.5447845458984,13.592311859131,-1.1321716308594,2.3985423692347e-008,0.04122696954762,-0.52359880888781,2.2000000476837,2,2.0000002384186
Color,-8.3448944091797,11.421786308289,1.0650482177734,-0.25278616876113,-0.027083821895672,-1.3071710757524,2.2000000476837,2,2.0000002384186
Color,-5.9594421386719,11.342906951904,-1.4075622558594,-0.27586588842657,-0.40819198805075,-0.57554972477275,1.6000001430511,2.5999999046326,2.0000002384186
Color,-9.147705078125,10.045501708984,5.0843200683594,1.6452294155757,0.78261749032427,-1.6761581700534,2,2,2.400000333786
Color,-7.3232116699219,12.581535339355,6.2649841308594,-3.1415902567448,1.4961517830236,2.0943916402838,2.4000000953674,2.3999998569489,2.6000003814697
Part,-8.0269317626953,8.7727108001709,4.9002380371094,-1.6452294155757,0.78261769006135,1.6761581700534,1,1.7999997138977,1
Part,-7.4226226806641,12.033465385437,4.9356689453125,-3.1415926535898,1.4961565767135,2.6179938779915,1,1.6000001430511,1
Part,-7.4435272216797,5.972740650177,4.6560668945313,-3.1415926535898,1.4961565767135,-3.1415926535898,1,6,1
Part,-6.716064453125,10.64768409729,4.7686462402344,1.8511394384223,0.24180260999061,-1.6451010512111,1,2.2000000476837,1
Part,-7.4136962890625,10.279870986938,5.0549621582031,-3.1415926535898,1.4961565767135,-2.6179938779915,1,4.4000000953674,1
Part,-7.5188446044922,9.3827495574951,3.6488037109375,2.6376200436448,0.45858512114555,3.0999983384205,1,3.2000000476837,1
Color,-7.5894622802734,13.592311859131,4.0456390380859,3.1415923872737,1.4961533809202,2.6179936116754,2.2000000476837,2,2.0000002384186
Color,-5.3667297363281,11.421786308289,4.7718963623047,-1.5918640615463,1.3180463603798,0.29237880212085,2.2000000476837,2,2.0000002384186
Color,-7.9176483154297,11.342906951904,2.4703674316406,-0.59771195215314,1.1104616086817,0.084030114341647,1.6000001430511,2.5999999046326,2.0000002384186
Color,-7.7895050048828,10.27068901062,9.0521697998047,3.1415926535898,0.86183568037268,2.8797935321068,2,2.4000000953674,1.8000001907349
Part,-7.4064788818359,8.4613132476807,9.4987335205078,-3.1415926535898,0.86183588010977,2.8797932657906,1,3,1
Color,-7.1132202148438,7.6306705474854,9.9943084716797,-2.7511540630243,0.82297962743621,2.848529885122,2.1999998092651,1.8000000715256,2
Part,-7.1674957275391,5.3308544158936,9.7773742675781,-3.1415926535898,0.86183588010977,-3.1415926535898,1,4.8000001907349,1
Color,-6.6512908935547,8.1153926849365,8.0814056396484,2.4663191307443,0.60176055622131,2.9295967750201,1.799999833107,1.8000000715256,2
Part,-6.3783721923828,6.8586792945862,9.4835662841797,2.4663191307443,0.6017602899052,2.9295967750201,1,2,1
Color,-5.3614654541016,7.7870626449585,10.380584716797,3.0299175206512,0.41536973982073,-2.5876820447803,1.9999998807907,1.6000001430511,2.4000000953674
Part,-6.3502349853516,5.730212688446,10.062438964844,3.0299175206512,0.41536963995219,-2.5876817784642,1,3,1
Part,-2.0929565429688,11.280475616455,-4.9405212402344,0.80165250079464,0.833652977874,-0.35288485669155,1,3.2000000476837,1
Part,-2.0601501464844,10.690528869629,-6.5099334716797,-0,0.85924728753021,-0.78539822997648,1,3.2000000476837,1
Part,-2.7196960449219,7.2807722091675,-5.7449798583984,-0,0.85924728753021,-0,1,6,1
Part,-3.2421112060547,12.280477523804,-5.1390991210938,-0,0.85924728753021,0.26179942108866,1,6,1
Part,-2.8502960205078,14.680463790894,-5.5935211181641,-0,0.85924728753021,-0.52359880888781,1,2.7999999523163,1
Part,-3.3047180175781,10.080467224121,-5.9853210449219,-0.72398320523621,0.71535496277852,0.52550483327998,1,1.7999997138977,1
Color,-2.582763671875,5.207236289978,5.0315704345703,3.1415926535898,-0.32717942663886,-3.1415926535898,2,1.7999999523163,1.8000000715256
Part,-2.8668518066406,4.0075082778931,5.1279449462891,-3.1415926535898,1.2436170000246,-3.1415926535898,1,3,1
Color,-2.2976226806641,7.8627290725708,5.9288635253906,-3.1415867946354,0.72001862390044,-2.8797972605323,2.2000000476837,2,2.4000000953674
Part,-2.5819244384766,6.1242232322693,5.5464782714844,-3.1415867946354,0.72001882363752,-2.8797969942162,1,2,1
Part,-2.7451629638672,4.9072313308716,4.2418518066406,1.085865252065,1.2843152946451,-2.1756546719962,1,2,1
Color,-2.3672943115234,5.9281401634216,2.6686553955078,-2.6801872115603,0.23458940488862,-2.9756201933983,2,1.7999999523163,1.8000000715256
Part,-1.5063629150391,5.4196195602417,8.4024200439453,2.6924670473467,0.073254565097022,-2.5183296015691,1,3,1
Part,-2.7958679199219,7.5192995071411,8.9830474853516,-2.8878898081367,0.088800493321873,-2.9720241269784,1,3,1
Part,-2.2800598144531,3.5196170806885,8.7508087158203,-3.1415926535898,0.36231820603629,-3.1415926535898,1,3,1
Part,-2.8410949707031,5.7196207046509,8.5381469726563,-3.1415926535898,0.36231820603629,2.6179938779915,1,3,1
Color,0.88479614257813,10.045501708984,-12.175140380859,0.83650961761728,0.30919866177552,-0.32514294064279,2,2,2.400000333786
Color,0.44427490234375,12.581535339355,-10.047058105469,-2.0634905558389e-007,0.44486781087131,-1.0471970851434,2.4000000953674,2.3999998569489,2.6000003814697
Part,1.4619445800781,8.7727108001709,-11.196914672852,-0.83650948445922,0.30919869506503,0.32514290735328,1,1.7999997138977,1
Part,1.6475677490234,12.033465385437,-10.620727539063,-0,0.4448680106084,-0.52359884217733,1,1.6000001430511,1
Part,1.9006500244141,5.972740650177,-10.74137878418,-0,0.4448680106084,-0,1,6,1
Part,2.0589141845703,10.64768409729,-10.022476196289,1.4365302641194,0.34380867053851,-0.38690594066899,1,2.2000000476837,1
Part,1.5395812988281,10.279870986938,-10.569244384766,-0,0.4448680106084,0.52359880888781,1,4.4000000953674,1
Part,2.8124084472656,9.3827495574951,-11.176055908203,1.2821473483597,1.1021251821005,-1.5305342579609,1,3.2000000476837,1
Color,2.4169311523438,13.592311859131,-11.098297119141,2.654913762418e-008,0.44486791073985,-0.52359880888781,2.2000000476837,2,2.0000002384186
Color,2.5441284179688,11.421786308289,-8.7633819580078,-0.27075180354053,0.3631740461421,-1.2018896599588,2.2000000476837,2,2.0000002384186
Color,3.7667083740234,11.342906951904,-11.974227905273,-0.25272441671335,-0.01818268448884,-0.46834417509161,1.6000001430511,2.5999999046326,2.0000002384186
Color,5.0557403564453,16.276020050049,-5.0004730224609,3.1415926535898,0.53873108993872,-2.8797932657906,1.4000000953674,1.6000000238419,1.8000001907349
Color,2.8243713378906,11.964359283447,-4.3536987304688,-2.5494800642076,0.4604058245143,2.8511887851543,2.2000000476837,1.8000000715256,2.2000000476837
Part,3.2861022949219,10.405513763428,-5.1262359619141,-2.5494800642076,0.46040615740944,2.8511885188382,1,1.7999997138977,1
Part,4.1089172363281,12.605501174927,-5.3334045410156,-3.1415926535898,0.53873122309678,-2.8797932657906,1,6,1
Part,3.5939178466797,15.005512237549,-5.6412353515625,-3.1415926535898,0.53873122309678,2.6179938779915,1,2.7999999523163,1
Part,3.4222412109375,7.6055431365967,-5.7438354492188,-3.1415926535898,0.53873122309678,-3.1415926535898,1,6,1
Color,2.7156677246094,16.874164581299,-6.0496673583984,3.1415926535898,0.53873108993872,-2.0943952355513,1.4000000953674,2,2.4000000953674
Part,2.5552673339844,11.015552520752,-6.2620391845703,-3.1415926535898,0.53873122309678,2.3561944901923,1,3.2000000476837,1
Part,4.1069488525391,11.605504989624,-6.4995880126953,2.6038024251747,0.33972814182678,-2.6453410802772,1,3.2000000476837,1
Color,5.1083068847656,13.83221244812,-7.4155883789063,2.6038016262264,0.33972953998635,-2.6453408139611,2.2000002861023,2,2.2000002861023
Color,0.9959716796875,12.712608337402,-6.9610290527344,3.1415926535898,0.53873105664921,-2.3561944901923,1.6000001430511,2.2000000476837,2.2000002861023
Color,2.5174102783203,5.207236289978,10.036468505859,3.1415926535898,-0.42200147698822,-3.1415926535898,2,1.7999999523163,1.8000000715256
Part,2.2437286376953,4.0075082778931,10.159301757813,-3.1415926535898,1.1487948830962,-3.1415926535898,1,3,1
Color,2.88623046875,7.8627290725708,10.902725219727,-3.1415873272676,0.62519650697206,-2.879796461584,2.2000000476837,2,2.4000000953674
Part,2.5670013427734,6.1242232322693,10.548980712891,-3.1415873272676,0.62519677328817,-2.879796461584,1,2,1
Part,2.2809753417969,4.9072313308716,9.2656555175781,1.4109315602474,1.3147806590931,-2.512790759134,1,2,1
Color,2.5081939697266,5.9281401634216,7.6637573242188,-2.6883346202832,0.14949872825474,-2.9329792559206,2,1.7999999523163,1.8000000715256
Color,5.5552825927734,10.045501708984,-10.640853881836,1.2662883572264,0.73593041220242,-1.1329223098413,2,2,2.400000333786
Color,6.7861328125,12.581535339355,-8.8498382568359,-5.9266570277844e-007,1.2510942242591,-1.0471964193531,2.4000000953674,2.3999998569489,2.6000003814697
Part,6.6607666015625,8.7727108001709,-10.380218505859,-1.2662883572264,0.7359306119395,1.1329221766832,1,1.7999997138977,1
Part,7.205078125,12.033465385437,-10.115325927734,-0,1.2510952895236,-0.52359880888781,1,1.6000001430511,1
Part,7.2931976318359,5.972740650177,-10.381500244141,-0,1.2510952895236,-0,1,6,1
Part,7.9215698242188,10.64768409729,-9.9980621337891,1.7364867582269,0.33025577717207,-1.2441516296134,1,2.2000000476837,1
Part,7.16748046875,10.279870986938,-10.001754760742,-0,1.2510952895236,0.52359880888781,1,4.4000000953674,1
Part,7.6106414794922,9.3827495574951,-11.340393066406,2.4789121542749,0.79003299580057,-2.9164263781652,1,3.2000000476837,1
Color,7.3929901123047,13.592311859131,-11.00114440918,7.6253152440348e-008,1.2510946237333,-0.52359880888781,2.2000000476837,2,2.0000002384186
Color,9.1661071777344,11.421786308289,-9.4766540527344,-0.59785170153134,1.1105445661497,-0.75234507189723,2.2000000476837,2,2.0000002384186
Color,7.6952056884766,11.342906951904,-12.581604003906,-0.35077010704895,0.75605272476684,-0.21770238364021,1.6000001430511,2.5999999046326,2.0000002384186