Part,-6.8080596923828,8.850001335144,2.0977630615234,-3.1415926535898,1.0024947278239,-3.1415926535898,2.3999998569489,1.5999999046326,3.3999996185303
Part,-7.5948181152344,8.6500024795532,0.66520690917969,3.1415926535898,-0.044702606990823,-3.1415926535898,1.5999997854233,1.2000000476837,2.7999997138977
Part,-6.1018218994141,9.7500019073486,0.15657043457031,-3.1415926535898,0.74069540660381,-3.1415926535898,3.1999998092651,3.4000000953674,3.1999998092651
Color,-5.4862670898438,9.310001373291,2.7970733642578,-3.1415926535898,0.6807534428415,3.1415918546415,2.8299999237061,2.5199999809265,2.889999628067
Color,-5.9479064941406,12.050001144409,0.43280029296875,3.1415926535898,0.47889598551515,-3.1415926535898,1.3999997377396,1.2000000476837,2.1999998092651
Part,-4.2651672363281,8.8500022888184,0.074432373046875,-3.1415926535898,1.0024939954546,3.1415923872737,2.9999997615814,1.6000000238419,3.7999997138977
Part,-7.5267486572266,8.5500020980835,7.3368530273438,1.2018694277652e-007,-1.0910610127727,-1.2271647671319e-007,3.7999997138977,1.8000000715256,4.0000004768372
Color,-6.9239959716797,8.2500019073486,4.353515625,-3.1415926535898,-0.21793575977549,-3.1415926535898,3.7999997138977,1.2000000476837,2.599999666214
Part,-6.3813323974609,8.9500017166138,6.1028747558594,-3.1415926535898,0.043863611378907,-3.1415926535898,4.1999998092651,2.6000001430511,5.1999998092651
Part,-4.7145233154297,8.2500009536743,8.0376434326172,-3.1415921209576,-1.0033338233044,-3.1415921209576,3.7999997138977,1.2000000476837,2.4000000953674
Part,-3.5581665039063,9.5500011444092,4.7202606201172,8.8313377019333e-008,-1.3528600010977,3.780126901903e-008,5.5999999046326,3.8000001907349,3.0000002384186
Color,-5.1681976318359,10.85000038147,11.716033935547,-0,-0.80390233928354,-0,2.3999998569489,1.2000000476837,1.799999833107
Part,-5.1204376220703,8.9499998092651,11.375427246094,-3.1415926535898,-1.5522928166991,-3.1415926535898,3.5999999046326,2.6000001430511,3.5999999046326
Part,-7.1131744384766,8.25,11.688613891602,-9.052405640459e-008,-1.0657015939246,-5.6119210606252e-008,3.7999999523163,1.2000000476837,1.5999999046326
Color,-5.8851318359375,8.6500005722046,9.4609222412109,-5.3329772986407e-008,-1.3275008485657,4.5825392938539e-008,1.3999998569489,2,3.5999999046326
Part,-1.9463653564453,8.1499996185303,-9.7262725830078,3.1415926535898,-0.56174969005715,-6.5018855121692e-008,4.2000002861023,1.7999999523163,2.7999997138977
Part,-0.82435607910156,8.75,-8.840576171875,-3.1415926535898,-0.29995026896848,-0,3.3999998569489,3,3.3999996185303
Part,0.93861389160156,8.25,-8.6007843017578,-3.1415926535898,0.2236484733403,-0,2.1999998092651,2,3.3999996185303
Color,0.19499206542969,7.949999332428,-10.621292114258,-3.1415926535898,-0.038150893652902,-1.0740391031191e-007,2.3999998569489,1.3999999761581,1.3999996185303
Part,0.76078796386719,8.5500020980835,-1.7252044677734,6.1629174245338e-008,0.45082813183848,-2.5618860779177e-007,3.7999997138977,1.8000000715256,4.0000004768372
Part,-2.2038879394531,8.2500019073486,-2.4139251708984,-0,-1.3817670168338,-0,3.7999997138977,1.2000000476837,2.599999666214
Part,-0.4395751953125,8.9500017166138,-2.9057922363281,-3.1415926535898,-1.4980255831665,-3.1415926535898,4.1999998092651,2.6000001430511,5.1999998092651
Part,1.5425567626953,8.2500009536743,-4.5159912109375,-4.2948004829806e-007,-0.59636918633152,-2.4261624879774e-007,3.7999997138977,1.2000000476837,2.4000000953674
Part,-1.7400207519531,9.5500011444092,-5.7677459716797,1.9440942729807e-008,0.1890287939736,-5.2075669160647e-008,5.5999999046326,3.8000001907349,3.0000002384186
Color,-0.80117797851563,10.85000038147,0.60812377929688,-3.1415926535898,0.50141128147706,-3.1415926535898,2.3999998569489,1.2000000476837,1.799999833107
Part,-0.74528503417969,8.9499998092651,0.94749450683594,-3.1415926535898,1.2868096113221,-3.1415926535898,3.5999999046326,2.6000001430511,3.5999999046326
Part,1.0636749267578,8.25,0.054885864257813,-3.1415926535898,0.76321056940767,3.1415926535898,3.7999999523163,1.2000000476837,1.5999999046326
Part,0.55500793457031,8.6500005722046,2.5472717285156,-3.1415926535898,1.0250098906278,-3.1415926535898,1.3999998569489,2,3.5999999046326
Part,-1.1063690185547,8.8500003814697,5.62353515625,-3.1415926535898,1.461592873664,-3.1415926535898,4.1999998092651,2.6000001430511,5.1999998092651
Part,1.2749328613281,9.3500003814697,3.9037628173828,-3.1415923872737,0.9379938983286,3.1415923872737,3.7999997138977,3.6000001430511,3.7999999523163
Part,-3.3177032470703,8.2500009536743,7.4755859375,-3.1415926535898,0.93799403148665,-3.1415926535898,2.599999666214,1.4000000953674,2.7999997138977
Part,0.84637451171875,8.0500011444092,6.9184112548828,-1.7481765884132e-008,-0.1525956017731,-4.7105720078827e-008,2.7999999523163,1,4.4000000953674
Color,-1.1865997314453,8.5500011444092,7.6443023681641,-3.4751860252883e-007,0.37100287421958,-3.4400897221166e-009,2.5999999046326,2,2.599999666214
Part,4.4494476318359,8.8500003814697,-3.0397491455078,-3.1415926535898,-0.54040928089964,-3.1415926535898,4.1999998092651,2.6000001430511,5.1999998092651
Color,1.8917999267578,9.3500003814697,-4.4842681884766,-3.1415923872737,-1.0640080232084,-3.1415926535898,3.7999997138977,3.6000001430511,3.7999999523163
Part,7.0562286376953,8.2500009536743,-1.8049163818359,-3.1415926535898,-1.0640080232084,-3.1415923872737,2.599999666214,1.4000000953674,2.7999997138977
Part,4.8096160888672,8.0500011444092,-5.3549499511719,-3.1415926535898,1.2921857346146,3.1415926535898,2.7999999523163,1,4.4000000953674
Part,6.3187713623047,8.5500011444092,-3.8114776611328,-3.1415923872737,0.7685876248066,3.1415923872737,2.5999999046326,2,2.599999666214
Part,4.5898742675781,10.75,-0.85453796386719,-3.2509159692545e-008,-0.13944465431655,2.3473769443385e-008,5.5999999046326,5,3.0000004768372
Part,4.8074340820313,10.14999961853,1.1930694580078,-0,-0.40124403379333,-5.0936522504268e-008,5.5999999046326,3.8000001907349,3.0000002384186
Part,7.2093200683594,9.0500001907349,0.90852355957031,1.1177837030351e-006,-1.4484364584048,8.2078320478804e-007,2.9999997615814,1.6000000238419,3.7999997138977
Part,6.4281921386719,9.4500017166138,2.7497253417969,3.1415923872737,-1.1695507616839,3.1415921209576,3.3999998569489,2.4000000953674,3.3999996185303
Part,2.1154327392578,10.050001144409,1.1372375488281,3.1415926535898,-0.38415386328801,3.1415926535898,3.3999998569489,3.6000001430511,3.3999996185303
Color,4.5790557861328,10.85000038147,6.7588653564453,-0,-1.2038039401504,-0,2.3999998569489,1.2000000476837,1.799999833107
Part,4.7556457519531,8.9499998092651,6.4637298583984,-3.1415926535898,-1.1523904168839,-3.1415926535898,3.5999999046326,2.6000001430511,3.5999999046326
Part,2.7982025146484,8.25,5.9763793945313,-4.1718213921539e-007,-1.4656022626851,-3.9177501741472e-007,3.7999999523163,1.2000000476837,1.5999999046326
Part,4.7966461181641,8.6500005722046,4.4025726318359,-3.1415926535898,-1.4141892720508,-3.1415926535898,1.3999998569489,2,3.5999999046326
Color,7.8616638183594,8.1499996185303,-3.6116943359375,3.1415926535898,-1.2161082770188,-8.138798537437e-008,4.2000002861023,1.7999999523163,2.7999997138977
Part,9.2909851074219,8.75,-3.5918579101563,-3.1415926535898,-0.95430895579864,-0,3.3999998569489,3,3.3999996185303
Part,10.835739135742,8.25,-4.4746246337891,-3.1415926535898,-0.43071018020034,-0,2.1999998092651,2,3.3999996185303
Part,9.0159454345703,7.949999332428,-5.6251831054688,-3.1415926535898,-0.69250956799949,-9.6157084693622e-008,2.3999998569489,1.3999999761581,1.3999996185303
Color,9.8233489990234,8.850001335144,2.8167877197266,-3.1415926535898,-0.088869727187836,-3.1415926535898,2.3999998569489,1.5999999046326,3.3999996185303
Part,8.1893920898438,8.6500024795532,2.8540344238281,3.1415923872737,-1.1360661715081,3.1415923872737,1.5999997854233,1.2000000476837,2.7999997138977
Part,8.4267883300781,9.7500019073486,1.2947540283203,-3.1415926535898,-0.35066910666461,-3.1415926535898,3.1999998092651,3.4000000953674,3.1999998092651
Part,11.053512573242,9.310001373291,1.9665985107422,-3.1415926535898,-0.41061043792616,3.1415921209576,2.8299999237061,2.5199999809265,2.889999628067
Color,8.7428588867188,12.050001144409,1.2855987548828,3.1415926535898,-0.61246826143716,3.1415926535898,1.3999997377396,1.2000000476837,2.1999998092651
Part,9.2010955810547,8.8500022888184,-0.37272644042969,-3.1415926535898,-0.088869668931187,3.1415923872737,2.9999997615814,1.6000000238419,3.7999997138977