Part,-9.3381,7.3405,-6.0136,-3.1416,-0.3197,-3.1416,3,2,3
Part,-8.8715,8.4962,-6.168,1.9926,0.8909,-2.0942,3,1,1.7999999523163
Part,-9.8047,8.4962,-5.8591,-1.9927,0.8909,2.0941,3,1,1.7999999523163
Part,-9.3381,7.6497,-1.0136,-3.1416,1.092,-3.1416,5,2,3
Part,-9.346,8.7174,-1.0289,-3.1416,1.092,-2.7926,4.5999999046326,1.7999999523163,3
Part,-4.5173,7.7996,-1.1023,-3.1416,0.4596,-3.1416,5,1,5
Part,-4.5173,9.2994,-1.1023,-3.1416,0.4596,-3.1416,3,2,3
Part,-3.497,9.2994,-3.1636,-3.1416,-1.1112,-3.1416,0.39999997615814,2,3
Part,-5.4225,9.7994,-3.782,-3.1416,0.4596,-3.1416,1,3,1
Part,-6.5786,9.2994,-2.1226,0,-0.4597,0,0.39999997615814,2,3
Part,-7.197,9.7994,-0.1971,-3.1416,0.4596,-3.1416,1,3,1
Part,-3.6121,9.7994,1.5774,-3.1416,0.4596,-3.1416,1,3,1
Part,-1.8377,10.2994,-2.0075,-3.1416,0.4596,-3.1416,1,4,1
Part,-2.456,9.2994,-0.082,-3.1416,0.4596,-3.1416,0.39999997615814,2,3
Part,-2.275,8,0.454,0,1.1111,0,0.20000000298023,1.3999999761581,0.40000000596046
Part,-2.0976,8.7997,0.0955,0,1.1111,0,1,0.20000004768372,0.40000000596046
Part,-1.9201,8,-0.263,0,1.1111,0,0.20000000298023,1.3999999761581,0.40000000596046
Part,-5.5377,9.2994,0.959,0,1.1111,0,0.39999997615814,2,3
Part,1.689,7.5965,-4.574,0,0.0186,0,3,2,1
Part,1.6623,8.6137,-6.0025,-2.7052,-0.017,-3.1337,3,1.8000000715256,3.6000001430511
Part,0.6518,7.5965,-6.555,0,0.0186,0,5,2,3
Part,-0.3474,8.6437,-6.5027,-2.7052,-0.017,-3.1337,3,1.4000000953674,2.6000001430511
Part,0.8552,7.7996,-1.065,0,0.2603,0,5,1,5
Part,0.8552,9.2994,-1.065,0,0.2603,0,3,2,3
Part,1.4471,9.2994,1.1575,-3.1416,1.3104,-3.1416,0.39999997615814,2,3
Part,3.3025,9.7994,0.3528,0,0.2603,0,1,3,1
Part,3.0777,9.2994,-1.657,-3.1416,-0.2604,-3.1416,0.39999997615814,2,3
Part,2.273,9.7994,-3.5124,0,0.2603,0,1,3,1
Part,-1.5922,9.7994,-2.4829,0,0.2603,0,1,3,1
Part,-0.5627,10.2994,1.3823,0,0.2603,0,1,4,1
Part,-1.3674,9.2994,-0.4731,0,0.2603,0,0.39999997615814,2,3
Part,-1.8568,8,-0.7566,0,-1.3105,0,0.20000000298023,1.3999999761581,0.40000000596046
Part,-1.7539,8.7997,-0.3701,0,-1.3105,0,1,0.20000004768372,0.40000000596046
Part,-1.6509,8,0.0164,0,-1.3105,0,0.20000000298023,1.3999999761581,0.40000000596046
Part,0.2632,9.2994,-3.2876,0,-1.3105,0,0.39999997615814,2,3
Part,0.6619,10.6497,3.9864,-3.1416,0.4896,-3.1416,2.5999999046326,0.60000002384186,2.5999999046326
Part,0.6619,8.8497,3.9864,-3.1416,0.4896,-3.1416,2,4,2
Part,0.6619,7.1498,3.9864,-3.1416,0.4896,-3.1416,2.5999999046326,0.60000002384186,2.5999999046326
Part,2.4641,7.6497,9.0332,0,0.9568,0,3,2,1
Part,0.2532,7.6497,8.6984,0,0.9568,0,5,2,3
Part,0.2632,8.7174,8.6843,0,0.9568,0.349,4.5999999046326,1.7999999523163,3
Part,2.4042,8.5247,13.8229,-0.0001,0.0935,-1.5708,2.5999999046326,0.60000002384186,2.5999999046326
Part,0.6121,8.5247,13.9911,-0.0001,0.0935,-1.5708,2,4,2
Part,-1.0801,8.5247,14.1499,-0.0001,0.0935,-1.5708,2.5999999046326,0.60000002384186,2.5999999046326
Part,5.6619,6.7997,-11.0136,0,0.0514,0,3,2,3
Part,6.5043,6.2997,-5.2784,0,0.3896,0,2,1,1
Part,5.472,6.7997,-6.4761,0,0.3896,0,3,2,2
Part,5.6619,14.4002,-1.0136,-3.1416,0.2001,-3.1416,2.5999999046326,0.60000002384186,2.5999999046326
Part,5.6619,8.4002,-1.0136,-3.1416,0.2001,-3.1416,2.5999999046326,0.60000002384186,2.5999999046326
Part,5.6619,11.0999,-1.0136,-3.1416,0.2001,-3.1416,2,6,2
Part,6.8183,7.5965,2.6486,-3.1416,1.3137,-3.1416,3,2,1
Part,5.4365,8.6137,3.0117,-1.0718,-1.0687,-1.0145,3,1.8000000715256,3.6000001430511
Part,5.1382,7.5965,4.1241,-3.1416,1.3137,-3.1416,5,2,3
Part,5.4249,8.6437,5.0827,-1.0718,-1.0687,-1.0145,3,1.4000000953674,2.6000001430511
Part,5.659,9.9919,8.0156,-3.1416,-1.3664,2.967,0.59999990463257,3.1999998092651,3
Part,5.5652,11.7961,8.4678,-0.6208,-0.1671,-0.1184,3,1,1.7999999523163
Part,5.4654,7.9404,8.949,-3.1416,0.2044,-3.1416,3,1,3
Part,5.4654,11.4403,8.949,-3.1416,0.2044,-3.1416,3,0.60000002384186,3
Part,4.0946,8.7403,8.6648,-3.1416,0.2044,-3.1416,0.20000004768372,0.59999996423721,3
Part,6.8363,8.7403,9.2333,-3.1416,0.2044,-3.1416,0.20000004768372,0.59999996423721,3
Part,7.2112,8.1409,8.9025,0,1.3663,0,0.20000000298023,1.3999999761581,0.40000000596046
Part,7.13,8.9405,9.2942,0,1.3663,0,1,0.20000004768372,0.40000000596046
Part,7.0488,8.1409,9.6858,0,1.3663,0,0.20000000298023,1.3999999761581,0.40000000596046
Part,5.3656,11.7961,9.4303,0.6207,-0.1671,0.1183,3,1,1.7999999523163
Part,5.2732,9.9919,9.876,3.1415,-1.3664,-2.9671,0.59999990463257,3.1999998092651,3
Part,4.6977,9.9919,13.8732,-0.0001,-0.3244,-0.1746,0.59999990463257,3.1999998092651,3
Part,5.1354,11.7961,14.0204,-1.1437,0.8889,1.0405,3,1,1.7999999523163
Part,5.6013,7.9404,14.177,-3.1416,-1.2465,-3.1416,3,1,3
Part,5.6013,11.4403,14.177,-3.1416,-1.2465,-3.1416,3,0.60000002384186,3
Part,5.1551,8.7403,15.504,-3.1416,-1.2465,-3.1416,0.20000004768372,0.59999996423721,3
Part,6.0474,8.7403,12.85,-3.1416,-1.2465,-3.1416,0.20000004768372,0.59999996423721,3
Part,5.7639,8.1409,12.4382,-3.1416,0.3243,-3.1416,0.20000000298023,1.3999999761581,0.40000000596046
Part,6.143,8.9405,12.5657,-3.1416,0.3243,-3.1416,1,0.20000004768372,0.40000000596046
Part,6.5222,8.1409,12.6932,-3.1416,0.3243,-3.1416,0.20000000298023,1.3999999761581,0.40000000596046
Part,6.0671,11.7961,14.3337,1.1436,0.8889,-1.0406,3,1,1.7999999523163
Part,6.4986,9.9919,14.4787,0,-0.3244,0.1745,0.59999990463257,3.1999998092651,3