Color,-5.6118,11.7615,-3.0478,0.5499,0.392,0.07,1,3.2000000476837,1
Part,-4.7555,11.1716,-4.3635,0,0.3031,-0.7854,1,3.2000000476837,1
Part,-5.7195,7.7619,-4.0619,0,0.3031,0,1,6,1
Part,-6.483,12.7615,-3.8231,0,0.3031,0.2617,1,6,1
Color,-5.9104,15.1615,-4.0022,0,0.3031,-0.5236,1,2.7999999523163,1
Color,-6.0895,10.5615,-4.5749,-0.5441,0.2615,0.1551,1,1.7999997138977,1
Color,-5.7553,11.7615,1.9115,0.5265,0.2804,0.1405,1,3.2000000476837,1
Part,-4.7358,11.1716,0.7179,0,0.1732,-0.7854,1,3.2000000476837,1
Part,-5.7307,7.7619,0.892,0,0.1732,0,1,6,1
Part,-6.5187,12.7615,1.0299,0,0.1732,0.2617,1,6,1
Color,-5.9277,15.1615,0.9265,0,0.1732,-0.5236,1,2.7999999523163,1
Color,-6.0311,10.5615,0.3354,-0.5302,0.1498,0.0872,1,1.7999997138977,1
Part,-1.5174,7.7759,-4.7123,-0.4529,0.1437,0.6575,1,4,1
Part,-0.3673,6.376,-4.1491,0,0.4406,0,1,6,1
Color,-0.3673,10.8758,-4.1491,-0.0001,0.4406,0,1,3,1
Part,-0.1846,6.6219,-5.2855,-0.0001,1.226,-0.7854,1,3,1
Color,0.3643,11.7615,-0.0537,2.6373,0.0276,-2.8264,1,3.2000000476837,1
Part,-1.0051,11.1716,0.7137,-3.1416,0.1798,2.3561,1,3.2000000476837,1
Part,-0.0114,7.7619,0.8944,-3.1416,0.1798,-3.1416,1,6,1
Part,0.7757,12.7615,1.0375,-3.1416,0.1798,-2.8798,1,6,1
Color,0.1854,15.1615,0.9301,-3.1416,0.1798,2.6179,1,2.7999999523163,1
Color,0.0781,10.5615,1.5205,-2.611,0.1555,3.0509,1,1.7999997138977,1
Color,1.0999,10.263,5.4911,0.8198,0.9368,-0.9933,1,3.2000000476837,1
Part,0.0975,6.8534,5.6151,0,0.1231,0,1,6,1
Part,-0.1746,9.653,5.0442,-0.7892,0.0869,0.0872,1,1.7999997138977,1
Part,-0.2995,11.1601,5.6642,0,0.1231,0.5235,1,4.4000000953674,1
Part,0.0203,11.528,6.3471,1.3329,0.2837,-0.0544,1,2.2000000476837,1
Color,-0.1807,12.9137,5.6495,0,0.1231,-0.5236,1,1.6000001430511,1
Color,4.3271,11.8053,-4.1299,-2.904,0.1327,3.1095,1,2.9200000762939,1
Part,4.5826,9.4698,-4.3638,-3.1416,0.9219,2.8797,1,3,1
Color,5.6098,7.8673,-4.3172,2.4387,0.6481,2.9767,1,2,1
Part,4.8044,6.3395,-4.0713,-3.1416,0.9219,-3.1416,1,4.8000001907349,1
Part,5.6031,6.7389,-3.7376,3.0266,0.475,-2.5802,1,3,1