Part,-8.0507,7.1105,-1.2873,-3.1416,0.4237,-3.1416,1,4.8000001907349,1
Color,-8.3853,10.2407,-1.4383,-3.1416,0.4237,2.8797,1,3,1
Part,-7.4607,8.6383,-1.8881,2.582,0.242,2.6529,1,2,1
Color,-7.1897,7.5098,-1.3759,3.0394,-0.0203,-2.635,1,3,1
Color,-3.6176,11.9757,-3.1062,2.6394,0.4516,3.0957,1,3.2000000476837,1
Part,-3.5342,8.566,-2.0995,-3.1416,1.4881,-3.1416,1,6,1
Part,-4.1157,11.3656,-1.8507,-1.6532,0.7819,1.6873,1,1.7999997138977,1
Part,-3.5012,12.8728,-1.7009,-3.1416,1.4881,-2.618,1,4.4000000953674,1
Part,-2.8059,13.2406,-1.9927,1.853,0.2395,-1.653,1,2.2000000476837,1
Color,-3.5111,14.6264,-1.8201,-3.1416,1.4881,2.6179,1,1.6000001430511,1
Color,-3.4382,11.9757,1.8712,2.6067,0.5557,-3.1197,1,3.2000000476837,1
Part,-3.4758,8.566,2.8806,0,1.5335,0,1,6,1
Part,-4.0829,11.3656,3.0581,-1.5336,0.7847,1.5181,1,1.7999997138977,1
Part,-3.4907,12.8728,3.2803,0,1.5335,0.5235,1,4.4000000953674,1
Part,-2.7655,13.2406,3.0737,1.8227,0.2712,-1.5336,1,2.2000000476837,1
Color,-3.4863,14.6264,3.1608,0,1.5335,-0.5236,1,1.6000001430511,1
Color,2.2479,11.9757,-3.013,2.3366,0.9263,-2.7292,1,3.2000000476837,1
Part,1.7614,8.566,-2.1278,0,1.0682,0,1,6,1
Part,1.1393,11.3656,-2.2416,-1.122,0.6683,0.91,1,1.7999997138977,1
Part,1.5687,12.8728,-1.7773,0,1.0682,0.5235,1,4.4000000953674,1
Part,2.3096,13.2406,-1.6366,1.6716,0.3546,-1.0518,1,2.2000000476837,1
Color,1.6264,14.6264,-1.8821,0,1.0682,-0.5236,1,1.6000001430511,1
Color,1.6893,13.8378,3.0636,-0.9193,1.2509,1.0865,1,3,1
Color,2.1296,11.7381,4.4075,1.2001,1.0876,-0.5694,1,3,1
Part,1.8654,8.3383,3.6012,0,1.102,0,1,6,1
Part,2.1365,12.0381,3.0659,0,1.102,-0.5236,1,3,1
Color,6.3603,13.8378,-1.7174,-2.867,0.3977,-3.0578,1,3,1
Color,7.767,11.7381,-1.8632,2.6606,0.3596,-2.372,1,3,1
Part,6.923,8.3383,-1.7757,-3.1416,0.6821,-3.1416,1,6,1
Part,6.4572,12.0381,-2.154,-3.1416,0.6821,2.6179,1,3,1
Color,6.7182,13.5179,3.0777,-0.4939,1.0561,0.4382,1,2.9200000762939,1
Part,6.8581,11.1824,3.3945,0,0.3233,-0.2618,1,3,1
Color,6.4855,9.58,4.3529,0.5918,0.3933,-0.8899,1,2,1
Part,6.5101,8.0522,3.5112,0,0.3233,0,1,4.8000001907349,1
Part,5.9386,8.4516,4.1612,0.1414,0.7625,0.4106,1,3,1