Part,-10.766616821289,13.046833992004,-6.5935821533203,-3.1415926535898,0.15263573228177,-3.1415926535898,3,2,1
Color,-10.983840942383,14.064111709595,-5.1814880371094,-0.44082819497183,-0.13823835885605,-0.064921067992974,3,1,3
Part,-10.082336425781,13.046895980835,-4.4647979736328,-3.1415926535898,0.15263573228177,-3.1415926535898,5,2,3
Color,-9.0888519287109,14.094159126282,-4.3459777832031,-0.44082473286241,-0.13823826730988,-0.064921646398273,3,1,2
Part,-9.8945770263672,11.974555969238,0.11146545410156,3.1415926535898,0.81327433605466,-2.7052603405912,2,0,3
Part,-10.700714111328,12.046447753906,-0.74090576171875,3.1415926535898,0.81327433605466,3.1415926535898,0,1,3
Color,-9.9964294433594,14.631167411804,10.004013061523,-3.1415926535898,0.23513766653328,-2.7052603405912,2,1,3
Part,-9.9949951171875,13.654956817627,9.9980621337891,-0,1.3356585104588,-0,3,2,3
Part,-11.341720581055,13.300308227539,15.157302856445,-0,-1.4910985680132,-0,2,2,0
Color,-9.8385314941406,12.600011825562,15.137573242188,-3.1415926535898,-0.86508999664573,-3.1415926535898,2,0,2
Color,-9.8385314941406,16.099912643433,15.137573242188,-3.1415926535898,-0.86509052927795,-3.1415926535898,2,0,2
Part,-9.8385314941406,14.29993724823,15.137573242188,-3.1415926535898,-0.86509052927795,-3.1415926535898,2,4,2
Part,-10.117858886719,13.300308227539,16.664657592773,-0,0.079697517432737,-0,2,2,0
Part,-9.8582611083984,13.300308227539,13.634384155273,-3.1415926535898,-0.079697517432737,-3.1415926535898,2,2,0
Part,-8.3592224121094,13.300098419189,14.818801879883,-3.1415926535898,1.4910985680132,-3.1415926535898,2,2,0
Color,-10.158889770508,15.283884048462,19.910858154297,3.1415926535898,0.52804106145461,-2.7052603405912,2,1,2
Part,-10.17121887207,13.822567939758,19.896591186523,-3.1415926535898,0.52804099487558,-3.1415926535898,3,3,2
Part,-8.5012359619141,13.02304649353,20.407608032227,-0,1.0427552653403,-0,0,1,0
Part,-8.7027740478516,13.822759628296,20.753128051758,-0,1.0427552653403,-0,1,0,0
Part,-8.904296875,13.02304649353,21.0986328125,-0,1.0427552653403,-0,0,1,0
Color,-5.1739349365234,15.283884048462,-10.054183959961,3.1415926535898,0.31874223269987,-2.7052603405912,2,1,2
Part,-5.18896484375,13.822567939758,-10.065567016602,-3.1415926535898,0.31874223269987,-3.1415926535898,3,3,2
Part,-3.4492492675781,13.02304649353,-9.9126892089844,-0,1.2520541606741,-0,0,1,0
Part,-3.5746002197266,13.822759628296,-9.5328369140625,-0,1.2520541606741,-0,1,0,0
Part,-3.699951171875,13.02304649353,-9.1529998779297,-0,1.2520541606741,-0,0,1,0
Part,-4.3753051757813,13.136958122253,-4.5911865234375,-1.936932640307,-0.50058436995859,-2.2448687639887,3,0,2
Part,-5.3040008544922,13.096002578735,-5.1989440917969,1.9369327734651,-0.50058436995859,2.2448684976726,3,0,2
Part,-6.3509063720703,13.300308227539,-0.0048828125,-3.1415926535898,-1.5301692717335,-3.1415926535898,2,2,0
Color,-4.8562164306641,12.600011825562,0.15596008300781,-3.1415926535898,-0.74476598175097,-3.1415926535898,2,0,2
Color,-4.8562164306641,16.099912643433,0.15596008300781,-3.1415926535898,-0.74476631464611,-3.1415926535898,2,0,2
Part,-4.8562164306641,14.29993724823,0.15596008300781,-3.1415926535898,-0.74476651438319,-3.1415926535898,2,4,2
Part,-5.3168334960938,13.300308227539,1.6384735107422,-0,-0.04062771669046,-0,2,2,0
Part,-4.6953735351563,13.300308227539,-1.3387298583984,-3.1415926535898,0.04062771669046,-3.1415926535898,2,2,0
Part,-3.3493499755859,13.300098419189,0.017059326171875,-0,1.5301692717335,-0,2,2,0
Color,-5.1873321533203,13.25,4.9299774169922,-3.1415926535898,0.35771599735653,-3.1415926535898,5,1,5
Part,-5.1873321533203,14.75,4.9299774169922,-3.1415926535898,0.35771599735653,-3.1415926535898,3,2,3
Part,-4.3820190429688,14.75,2.7755584716797,-3.1415926535898,-1.2130802628593,-3.1415926535898,0,2,3
Color,-6.3604583740234,15.25,2.3563079833984,-3.1415926535898,0.35771599735653,-3.1415926535898,1,3,1
Part,-7.3417510986328,14.75,4.1246643066406,-0,-0.35771599735653,-0,0,2,3
Color,-7.7610015869141,15.25,6.1031036376953,-3.1415926535898,0.35771599735653,-3.1415926535898,1,3,1
Color,-4.0142059326172,15.25,7.5036468505859,-3.1415926535898,0.35771599735653,-3.1415926535898,1,3,1
Color,-2.6136627197266,15.75,3.7568511962891,-3.1415926535898,0.35771599735653,-3.1415926535898,1,4,1
Part,-3.0329284667969,14.75,5.7352905273438,-3.1415926535898,0.35771599735653,-3.1415926535898,0,2,3
Part,-2.7983093261719,13.450478553772,6.2500152587891,-0,1.2130802628593,-0,0,1,0
Part,-2.6582489013672,14.250192642212,5.8753356933594,-0,1.2130802628593,-0,1,0,0
Part,-2.5182037353516,13.450478553772,5.5006713867188,-0,1.2130802628593,-0,0,1,0
Part,-5.9926452636719,14.75,7.0843811035156,-0,1.2130802628593,-0,0,2,3
Part,-5,12.790824890137,10,-3.1415926535898,-0.48549603106567,-3.1415926535898,3,2,3
Color,-4.5653076171875,13.946678161621,9.7706451416016,2.1586427984269,0.81029965169607,-2.3144824633029,3,1,1
Color,-5.4346923828125,13.946678161621,10.229354858398,-2.1586427984269,0.81029965169607,2.3144824633029,3,1,1
Part,-5,13.100074768066,15,-0,1.046973845665,-0,5,2,3
Color,-4.9913635253906,14.167855262756,14.985046386719,-0,1.046973845665,0.34906578381984,4,1,3
Part,-5.9689178466797,15.442420959473,20.061019897461,-2.0925693067681e-009,-0.14458210011878,-0.17453279204138,0,3,3
Color,-5.511962890625,17.246677398682,20.127548217773,-1.3678627859406,0.94518469958792,1.3222047532639,3,1,1
Color,-5.0256195068359,13.390824317932,20.198364257813,-3.1415926535898,-1.4262138438467,-3.1415926535898,3,1,3
Color,-5.0256195068359,16.890823364258,20.198364257813,-3.1415926535898,-1.4262138438467,-3.1415926535898,3,0,3
Part,-5.2273254394531,14.190824508667,21.583755493164,-3.1415926535898,-1.4262130448984,-3.1415926535898,0,0,3
Part,-4.8238983154297,14.190824508667,18.812973022461,-3.1415926535898,-1.4262138438467,-3.1415926535898,0,0,3
Part,-5.1764984130859,13.591302871704,18.458465576172,-3.1415926535898,0.14458218334256,-3.1415926535898,0,1,0
Part,-4.7806854248047,14.39101600647,18.516098022461,-3.1415926535898,0.14458218334256,-3.1415926535898,1,0,0
Part,-4.3848571777344,13.591302871704,18.57373046875,-3.1415926535898,0.14458218334256,-3.1415926535898,0,1,0
Color,-4.5392608642578,17.246677398682,20.269180297852,1.3678627859406,0.94518469958792,-1.3222047532639,3,1,1
Part,-4.0887298583984,15.442420959473,20.334762573242,2.0925663304537e-009,-0.14458210011878,0.17453277539662,0,3,3
Color,0.005096435546875,14.631167411804,-20.001678466797,-3.1415926535898,-0.924587212506,-2.7052603405912,2,1,3
Part,0.000213623046875,13.654956817627,-20.005355834961,-3.1415926535898,0.64620911428889,-3.1415926535898,3,2,3
Color,-0.18437194824219,14.250087738037,-17.70198059082,-0,1.24419224282,-0,1,4,1
Part,1.5418090820313,13.250028610229,-15.005645751953,-0,1.24419224282,-0,3,2,1
Color,0.18862915039063,14.267238616943,-15.464019775391,-2.1734361256501,-1.0321383739176,-2.2464605353723,3,1,3
Part,-0.67329406738281,13.250087738037,-14.700164794922,-0,1.24419224282,-0,5,2,3
Color,-0.9622802734375,14.297294616699,-13.742233276367,-2.1734405198659,-1.0321371754951,-2.2464562743145,3,1,2
Part,-0.74266052246094,13.136958122253,-9.9235382080078,-1.6423811647898,0.60718727957456,1.6958189568009,3,0,2
Part,-0.10787963867188,12.831597328186,-10.391006469727,-0,0.10258809440413,-0,0,1,0
Part,0.36140441894531,13.096002578735,-10.037200927734,1.6423810316318,0.60718741273262,-1.6958189568009,3,0,2
Part,-0.0054779052734375,12.831597328186,-9.3962554931641,-0,0.10258809440413,-0,0,1,0
Color,-0.18283081054688,13.25,-5.0810699462891,-3.1415926535898,0.41735139798786,-3.1415926535898,5,1,5
Part,-0.18283081054688,14.75,-5.0810699462891,-3.1415926535898,0.41735139798786,-3.1415926535898,3,2,3
Part,0.74945068359375,14.75,-7.1836547851563,-3.1415926535898,-1.1534448955175,-3.1415926535898,0,2,3
Color,-1.2004852294922,15.25,-7.7200775146484,-3.1415926535898,0.41735139798786,-3.1415926535898,1,3,1
Part,-2.2854156494141,14.75,-6.0133514404297,-0,-0.41735139798786,-0,0,2,3
Color,-2.8218383789063,15.25,-4.0634155273438,-3.1415926535898,0.41735139798786,-3.1415926535898,1,3,1
Color,0.83482360839844,15.25,-2.4420471191406,-3.1415926535898,0.41735139798786,-3.1415926535898,1,3,1
Color,2.4561767578125,15.75,-6.0987243652344,-3.1415926535898,0.41735139798786,-3.1415926535898,1,4,1
Part,1.9197540283203,14.75,-4.1487884521484,-3.1415926535898,0.41735139798786,-3.1415926535898,0,2,3
Part,2.1232757568359,13.450478553772,-3.6209869384766,-0,1.1534448955175,-0,0,1,0
Part,2.2854156494141,14.250192642212,-3.9866485595703,-0,1.1534448955175,-0,1,0,0
Part,2.4475402832031,13.450478553772,-4.3523101806641,-0,1.1534448955175,-0,0,1,0
Part,-1.1151123046875,14.75,-2.9784851074219,-0,1.1534448955175,-0,0,2,3
Part,-1.1339569091797,13.300308227539,0.73423767089844,-0,-1.0331914543917,-0,2,2,0
Color,0.20564270019531,12.600011825562,0.052032470703125,-3.1415926535898,-1.3229835947247,-3.1415926535898,2,0,2
Color,0.20564270019531,16.099912643433,0.052032470703125,-3.1415926535898,-1.3229850594633,-3.1415926535898,2,0,2
Part,0.20564270019531,14.29993724823,0.052032470703125,-3.1415926535898,-1.3229855920956,-3.1415926535898,2,4,2
Part,0.63017272949219,13.300308227539,1.5452575683594,-0,0.53760473924519,-0,2,2,0
Part,-0.47657775878906,13.300308227539,-1.28759765625,-3.1415926535898,-0.53760473924519,-3.1415926535898,2,2,0
Part,1.3916320800781,13.300098419189,-0.88787841796875,-3.1415926535898,1.0331914543917,-3.1415926535898,2,2,0
Color,1.2975769042969,14.250087738037,2.6228179931641,-0,0.67641029315677,-0,1,4,1
Part,1.3029327392578,13.250028610229,5.8243713378906,-0,0.67641029315677,-0,3,2,1
Color,0.40855407714844,14.267238616943,4.7102355957031,-2.6026713806597,-0.60327995620222,-2.8145237148467,3,1,3
Part,-0.72889709472656,13.250087738037,4.8907165527344,-0,0.67641029315677,-0,5,2,3
Color,-1.4876708984375,14.297294616699,5.5429382324219,-2.6026751090852,-0.60327955672806,-2.8145210516856,3,1,2
Color,-0.007232666015625,14.633492469788,10.001831054688,-0,0.2482248396041,0.4363323462881,2,1,3
Part,-0.0012969970703125,13.657015800476,10.000335693359,-0,0.2482248396041,-0,3,2,3
Part,-0.21963500976563,13.136958122253,15.71354675293,-2.1605654675759,0.16955108290628,2.8945969793421,3,0,2
Part,0.10688781738281,13.096002578735,14.652770996094,2.1605654675759,0.16955123270909,-2.8945969793421,3,0,2
Part,3.6549224853516,13.300308227539,-20.125411987305,-3.1415926535898,-1.4408115618878,-3.1415926535898,2,2,0
Color,5.1292877197266,12.600011825562,-19.831832885742,-3.1415926535898,-0.65540960348582,-3.1415926535898,2,0,2
Color,5.1292877197266,16.099912643433,-19.831832885742,-3.1415926535898,-0.6554098032229,-3.1415926535898,2,0,2
Part,5.1292877197266,14.29993724823,-19.831832885742,-3.1415926535898,-0.65541000295998,-3.1415926535898,2,4,2
Part,4.5382232666016,13.300308227539,-18.396331787109,-0,-0.12998491470989,-0,2,2,0
Part,5.4228820800781,13.300308227539,-21.306213378906,-3.1415926535898,0.12998491470989,-3.1415926535898,2,2,0
Part,6.6425476074219,13.300098419189,-19.835708618164,-0,1.4408115618878,-0,2,2,0
Part,6.0109558105469,14.046131134033,-13.880920410156,-0,1.1156215498728,-0,2,2,0
Part,5.3651885986328,14.546131134033,-16.201049804688,-3.1415926535898,0.45517474363262,-3.1415926535898,2,3,0
Color,4.8338470458984,15.393749237061,-14.888031005859,-1.2548358324326,-0.1509310095785,-0.43108561933502,2,3,0
Part,4.2240753173828,14.046131134033,-13.642181396484,-0,-0.45517474363262,-0,2,2,0
Part,3.7158660888672,14.046131134033,-15.560958862305,-3.1415926535898,-1.1156215498728,-3.1415926535898,2,2,0
Color,5.1986236572266,13.25,-10.023452758789,-0,0.11754486481683,-0,5,1,5
Part,5.1986236572266,14.75,-10.023452758789,-0,0.11754486481683,-0,3,2,3
Part,5.4683532714844,14.75,-7.7393188476563,-3.1415926535898,1.4532515868137,-3.1415926535898,0,2,3
Color,7.4193725585938,15.25,-8.2718048095703,-0,0.11754486481683,-0,1,3,1
Part,7.4827423095703,14.75,-10.293182373047,-3.1415926535898,-0.11754486481683,-3.1415926535898,0,2,3
Color,6.9502716064453,15.25,-12.244201660156,-0,0.11754486481683,-0,1,3,1
Color,2.9778747558594,15.25,-11.775100708008,-0,0.11754486481683,-0,1,3,1
Color,3.4469604492188,15.75,-7.8027038574219,-0,0.11754486481683,-0,1,4,1
Part,2.9144897460938,14.75,-9.7537231445313,-0,0.11754486481683,-0,0,2,3
Part,2.4703369140625,13.450478553772,-10.104049682617,-0,-1.4532515868137,-0,0,1,0
Part,2.5172576904297,14.250192642212,-9.7068176269531,-0,-1.4532515868137,-0,1,0,0
Part,2.5641632080078,13.450478553772,-9.3095855712891,-0,-1.4532515868137,-0,0,1,0
Part,4.9288787841797,14.75,-12.307586669922,-0,-1.4532515868137,-0,0,2,3
Part,4.2006378173828,15.442420959473,-5.5509338378906,-3.0061728382128e-009,-0.81092462902489,-0.17453279204138,0,3,3
Color,4.5187072753906,17.246677398682,-5.2161865234375,-0.76805612443204,0.59953042512447,0.49900857754159,3,1,1
Color,4.8572540283203,13.390824317932,-4.8599090576172,-3.1415926535898,-0.75987083224266,-3.1415926535898,3,1,3
Color,4.8572540283203,16.890823364258,-4.8599090576172,-3.1415926535898,-0.75987083224266,-3.1415926535898,3,0,3
Part,3.8423614501953,14.190824508667,-3.8955383300781,-3.1415926535898,-0.75987076566363,-3.1415926535898,0,0,3
Part,5.8721466064453,14.190824508667,-5.8242492675781,-3.1415926535898,-0.75987083224266,-3.1415926535898,0,0,3
Part,5.8141021728516,13.591302871704,-6.3208770751953,-3.1415926535898,0.81092536139418,-3.1415926535898,0,1,0
Part,6.0896301269531,14.39101600647,-6.0309143066406,-3.1415926535898,0.81092536139418,-3.1415926535898,1,0,0
Part,6.3651580810547,13.591302871704,-5.7409362792969,-3.1415926535898,0.81092536139418,-3.1415926535898,0,1,0
Color,5.19580078125,17.246677398682,-4.5036163330078,0.76805612443204,0.59953042512447,-0.49900857754159,3,1,1
Part,5.5094146728516,15.442420959473,-4.1735687255859,3.0061686217674e-009,-0.81092462902489,0.17453277539662,0,3,3
Color,4.412353515625,14.094098091125,1.0482025146484,-1.4076256452282,-1.1281761573046,-1.3905847432031,3,1,2
Part,4.3020629882813,13.046864509583,0.053741455078125,-3.1415926535898,1.4939510798568,-3.1415926535898,5,2,3
Color,4.7949066162109,14.06404876709,-0.98716735839844,-1.4076271099668,-1.1281774888851,-1.3905831453064,3,1,3
Part,6.2193908691406,13.046813011169,-1.0968475341797,-3.1415926535898,1.4939510798568,-3.1415926535898,3,2,1
Part,6.8866271972656,12.747206687927,-1.5494079589844,-3.1415926535898,1.4939510798568,-3.1415926535898,0,1,0
Part,6.9173278808594,13.546919822693,-1.1505889892578,-3.1415926535898,1.4939510798568,-3.1415926535898,1,0,0
Part,6.9480285644531,12.747206687927,-0.75177001953125,-3.1415926535898,1.4939510798568,-3.1415926535898,0,1,0
Color,4.8195953369141,15.283884048462,5.0253753662109,3.1415926535898,-0.122961909244,-2.7052603405912,2,1,2
Part,4.8011322021484,13.822567939758,5.0214996337891,-3.1415926535898,-0.12296188427686,-3.1415926535898,3,3,2
Part,6.4392395019531,13.02304649353,4.416015625,-3.1415926535898,1.4478344508404,-3.1415926535898,0,1,0
Part,6.4882965087891,13.822759628296,4.81298828125,-3.1415926535898,1.4478344508404,-3.1415926535898,1,0,0
Part,6.537353515625,13.02304649353,5.2099609375,-3.1415926535898,1.4478344508404,-3.1415926535898,0,1,0
Color,4.9990234375,14.629468917847,9.9990692138672,-0,-0.76337049223113,0.43633227970907,2,1,3
Part,4.9946136474609,13.653093338013,9.9948425292969,-3.1415926535898,0.76337049223113,-3.1415926535898,3,2,3
Part,5.5605621337891,13.136958122253,15.493103027344,-2.0039803839108,-0.44522407524614,-2.3918062802889,3,0,2
Part,4.7863159179688,12.831597328186,15.344757080078,-3.1415926535898,0.72147244353951,-3.1415926535898,0,1,0
Part,4.7272186279297,13.096002578735,14.760040283203,2.0039803839108,-0.44522404195663,2.3918062802889,3,0,2
Part,5.4468078613281,12.831597328186,14.593933105469,-3.1415926535898,0.72147244353951,-3.1415926535898,0,1,0
Color,9.9987640380859,14.629468917847,-20.000534057617,-0,-0.40344933091299,0.4363323462881,2,1,3
Part,9.9931335449219,13.653093338013,-20.0029296875,-3.1415926535898,0.40344923104445,-3.1415926535898,3,2,3
Part,10,12.25,-15,-0,0.68465570620777,-0,3,2,3
Part,10.153381347656,11.974555969238,-10.003601074219,3.1415926535898,-0.023441826349907,-2.7052603405912,2,0,3
Part,8.9804992675781,12.046447753906,-9.9760894775391,3.1415926535898,-0.023441826349907,-3.1415926535898,0,1,3
Part,9.5932464599609,13.136958122253,5.6260528564453,-2.1017229232906,0.31781685080009,2.6525097772995,3,0,2
Part,10.197937011719,13.096002578735,4.6953430175781,2.1017229232906,0.31781705053718,-2.6525100436156,3,0,2