Color,-8.4992,8.1952,-9.6101,-3.1416,-1.0986,-3.1416,4.7800002098083,1,4.8699998855591
Color,-5.4807,8.1952,-8.5125,-3.1416,-1.3619,-3.1416,5,1,3
Part,-7.0496,9.1952,0.6862,0,0.6022,0,3,2,3
Color,-0.5931,8.1952,-9.5736,-0.0001,1.4767,0,4.7800002098083,1,4.8699998855591
Color,-3.8035,8.1952,-9.4793,-3.1416,1.4015,-3.1416,5,1,3
Color,-2.0496,8.1952,-4.3138,0,1.3679,0,3,1,3
Part,-2.0496,10.0453,0.6862,0,0.7887,0,5,2,3
Color,-2.0374,11.1129,0.674,0,0.7887,0.349,4.5999999046326,1.7999999523163,3
Color,-2.0496,8.1952,5.6862,-3.1416,0.5374,-3.1416,3,1,3
Color,-2.0496,8.1952,10.6862,-3.1416,-0.9549,-3.1416,3,1,4
Color,2.9504,8.1952,-9.3138,-3.1416,-1.2734,-3.1416,3,1,4
Part,2.9519,11.5786,-4.3065,-3.1416,1.3635,-2.7053,2.7999999523163,1.3999999761581,3
Part,2.9507,10.6022,-4.3125,-3.1416,1.3635,-3.1416,3,2,3
Part,2.9504,9.1952,5.6862,0,0.1768,0,3,2,3
Part,2.9504,9.1952,10.6862,-3.1416,1.356,-3.1416,3,2,3
Color,7.9504,8.1952,5.6862,-3.1416,0.3667,-3.1416,3,1,4
Part,7.9504,8.1952,10.6862,0,1.5231,0,5,1,3
Part,7.9504,8.1952,10.6862,-3.1416,0.5712,-3.1416,5,1,3