Color,-7.5069,8.1952,1.1909,-3.1416,-0.5014,-3.1416,4.7800002098083,1,4.8699998855591
Color,-5.6281,8.1952,3.796,-3.1416,-0.7647,-3.1416,5,1,3
Part,-7.3574,8.1952,7.7213,-3.1416,1.0812,-3.1416,5,1,3
Part,-4.6808,8.1952,7.4282,-3.1416,1.0812,-3.1416,3,1,2
Part,-7.0488,8.1952,13.1266,0,1.1058,0,5.3699998855591,1,4.6700000762939
Part,-5.8416,8.1952,10.9888,-3.1416,1.4869,-3.1416,3,1,3.960000038147
Part,-2.43,8.1952,-1.5923,0,0.8805,0,1,1,3
Part,-1.1565,8.1952,-3.1345,0,0.8805,0,3,1,5
Part,-1.4749,8.1952,2.2511,-3.1416,0.4762,-3.1416,5,1,3
Part,-1.4749,8.1952,2.2511,-3.1416,-0.571,-3.1416,5,1,3
Part,3.5251,8.1952,-12.7489,0,1.1809,0,3,1,5
Color,3.5251,8.1952,-7.7489,-3.1416,-1.392,-3.1416,3,1,4
Color,2.4489,8.1952,-3.7642,-3.1416,-0.544,-3.1416,4.7800002098083,1,4.8699998855591
Color,4.4368,8.1952,-1.2415,-3.1416,-0.8073,-3.1416,5,1,3
Part,2.5999,8.1952,1.8717,0,1.1816,0,5,1,3
Part,4.5336,8.1952,3.7454,0,1.1816,0,3,1,2
Color,8.5251,8.1952,-7.7489,-3.1416,1.5228,-3.1416,3,1,4
Part,8.3069,8.1952,-3.7248,0,0.22,0,5,1,3
Part,7.8766,8.1952,-1.0668,0,0.22,0,3,1,2
Part,8.518,11.5786,2.2534,0,0.3201,0.4363,2.7999999523163,1.3999999761581,3
Part,8.5238,10.6022,2.2515,0,0.3201,0,3,2,3
Color,13.5251,8.1952,-7.7489,-3.1416,-0.2491,-3.1416,3,1,4
Part,13.5251,9.1952,-2.7489,0,1.3928,0,3,2,3