Color,-7.9438,6.5708,-8.7463,3.1415,0.4505,3.1415,2.2000000476837,2,2.4000000953674
Color,-9.167,8.308,-8.7149,-2.885,0.1741,-2.9945,1.8000000715256,1.7999999523163,2.4000000953674
Part,-7.819,5.9708,-9.4636,2.6881,0.1526,-2.4797,1,3,1
Color,-9.8806,6.5711,-9.7943,3.1415,0.4505,2.3561,2.2000000476837,2,2.2000000476837
Color,-6.4409,7.9025,-10.2818,2.6881,0.1526,-2.4797,2.2000000476837,2,2.4000000953674
Part,-9.2845,7.2155,-9.2469,-2.885,0.1741,-2.9945,1,1.1999999284744,1
Part,-8.6204,4.0711,-9.1847,-3.1416,0.4505,-3.1416,1,3,1
Part,-9.1605,6.2708,-9.446,-3.1416,0.4505,2.6179,1,3,1
Part,-8.5875,5.4944,1.2834,-3.1416,0.6259,-2.8798,1,3,1
Part,-9.0153,2.8945,0.8176,-3.1416,1.1495,-3.1416,1,3,1
Part,-8.9774,3.7945,-0.076,1.408,1.3146,-2.5099,1,2,1
Color,-10.5522,16.9011,13.0046,0,0.6587,0.2617,1.4000000953674,1.6000000238419,1.8000001907349
Color,-10.3407,12.5894,10.691,-0.6307,0.5587,0.3693,2.2000000476837,1.8000000715256,2.2000000476837
Part,-9.7898,11.0306,11.4027,-0.6307,0.5587,0.3693,1,1.7999997138977,1
Part,-9.8969,13.2305,12.2444,0,0.6587,0.2617,1,6,1
Part,-9.4225,15.6306,11.8771,0,0.6587,-0.5236,1,2.7999999523163,1
Part,-9.2644,8.2306,11.7547,0,0.6587,0,1,6,1
Color,-8.7219,17.4992,11.2083,0,0.6587,1.0471,1.4000000953674,2,2.4000000953674
Part,-8.4657,11.6406,11.1364,0,0.6587,-0.7854,1,3.2000000476837,1
Part,-8.8104,12.2306,12.6679,0.6732,0.6847,-0.1671,1,3.2000000476837,1
Color,-8.3226,14.4573,13.9343,0.6732,0.6847,-0.1671,2.2000002861023,2,2.2000002861023
Color,-7.2462,13.3377,9.9394,0,0.6587,0.7853,1.6000001430511,2.2000000476837,2.2000002861023
Part,1.0649,5.4944,-8.8713,-0.0001,1.04,0.2618,1,3,1
Part,1.4879,2.8945,-9.3415,0,0.5164,0,1,3,1
Part,2.3811,3.7945,-9.3887,0.253,0.0511,-1.1204,1,2,1
Part,0.989,10.407,9.5434,2.648,0.4179,3.0755,1,3.2000000476837,1
Part,1.1109,6.9973,10.5461,-3.1416,1.4498,-3.1416,1,6,1
Part,0.5394,9.797,10.817,-1.6909,0.7781,1.741,1,1.7999997138977,1
Part,1.1591,11.3041,10.9432,-3.1416,1.4498,-2.618,1,4.4000000953674,1
Part,1.8428,11.672,10.6249,1.8617,0.2287,-1.6908,1,2.2000000476837,1
Part,1.1447,13.0577,10.8244,-3.1416,1.4498,2.6179,1,1.6000001430511,1
Color,9.3262,10.6705,-8.8837,1.1525,0.6859,-0.959,2,2,2.400000333786
Color,10.2934,13.2066,-6.9377,-0.0001,1.1102,-1.0472,2.4000000953674,2.3999998569489,2.6000003814697
Part,10.3841,9.3978,-8.4705,-1.1526,0.6859,0.9589,1,1.7999997138977,1
Part,10.8859,12.6585,-8.1318,0,1.1102,-0.5236,1,1.6000001430511,1
Part,11.0105,6.5978,-8.383,0,1.1102,0,1,6,1
Part,11.5788,11.2727,-7.9152,1.687,0.35,-1.0963,1,2.2000000476837,1
Part,10.8327,10.9049,-8.0247,0,1.1102,0.5235,1,4.4000000953674,1
Part,11.4594,10.0078,-9.2878,2.375,0.8966,-2.7777,1,3.2000000476837,1
Color,11.1963,14.2174,-8.9825,0,1.1102,-0.5236,2.2000000476837,2,2.0000002384186
Color,12.7378,12.0468,-7.2242,-0.4725,0.9891,-0.8967,2.2000000476837,2,2.0000002384186
Color,11.7174,11.968,-10.5049,-0.3129,0.6228,-0.2772,1.6000001430511,2.5999999046326,2.0000002384186
Color,11.0068,10.8957,1.0056,3.1415,1.126,2.8797,2,2.4000000953674,1.8000001907349
Part,11.2599,9.0864,1.5367,-3.1416,1.126,2.8797,1,3,1
Color,11.4136,8.2557,2.0917,-2.5846,1.0592,2.644,2.1999998092651,1.8000000715256,2
Part,11.4179,5.9559,1.8681,-3.1416,1.126,-3.1416,1,4.8000001907349,1
Color,12.3591,8.7404,0.3658,2.3136,0.7958,-3.1181,1.799999833107,1.8000000715256,2
Part,12.2563,7.4837,1.7906,2.3136,0.7958,-3.1181,1,2,1
Color,13.0037,8.4121,2.922,3.0103,0.6776,-2.5504,1.9999998807907,1.6000001430511,2.4000000953674
Part,12.1323,6.3553,2.3567,3.0103,0.6776,-2.5504,1,3,1