Part,-2,3.5000001192093,-6.0000009536743,-0,-90,0,1,4,5
Color,0.5,11.000000119209,6.9999990463257,-0,0,-0,4,1,1
Part,1,9.5000001192093,4,-0,2.5044780613825e-006,-0,1,6,5
Color,3,13.500000119209,6.9999990463257,-0,0,-0,1,4,1
Color,3,8.5000001192093,6.9999990463257,-0,0,-0,1,4,1
Part,3,7.0000001192093,1.9999990463257,-0,-90,0,1,11,3
Part,-2,6.0000001192093,-9.5367431640625e-007,-0,-90,0,13,1,7
Part,3,7.0000001192093,5.9999990463257,-0,-90,0,1,11,3
Part,-5,3.5000001192093,-9.5367431640625e-007,-180,-2.5044780613825e-006,-180,1,4,13
Part,1,3.5000001192093,-9.5367431640625e-007,-180,0,-180,1,4,13
Part,5,7.0000001192093,3.9999980926514,-0,2.5044780613825e-006,-0,1,11,5
Part,-2,3.5000001192093,5.9999990463257,-0,-90,0,1,4,5
Color,5.5,11.000000119209,6.9999990463257,-0,0,-0,4,1,1