Part,-6.9231,8.1499,9.1693,3.1415,-1.3475,-0.0001,4.2000002861023,1.7999999523163,2.7999997138977
Part,-5.5035,8.75,9.0018,-3.1416,-1.0857,0,3.3999998569489,3,3.3999996185303
Part,-4.0877,8.25,7.9243,-3.1416,-0.5621,0,2.1999998092651,2,3.3999996185303
Color,-6.0425,7.9499,7.022,-3.1416,-0.8239,-0.0001,2.3999998569489,1.3999999761581,1.3999996185303
Part,1.663,10.75,3.1511,-0.0001,-1.4488,-0.0001,5.5999999046326,5,3.0000004768372
Part,-0.2588,10.1499,3.8907,-3.1416,-1.4311,3.1415,5.5999999046326,3.8000001907349,3.0000002384186
Color,0.6371,9.05,6.1373,3.1415,-0.3839,3.1415,2.9999997615814,1.6000000238419,3.7999997138977
Color,-1.3435,9.45,5.8588,3.1415,0.1397,3.1415,3.3999998569489,2.4000000953674,3.3999996185303
Part,-0.9008,10.05,1.2758,3.1415,0.9251,-3.1416,3.3999998569489,3.6000001430511,3.3999996185303
Part,-1.9816,8.1499,8.8906,3.1415,-1.1855,-0.0001,4.2000002861023,1.7999999523163,2.7999997138977
Part,-0.5536,8.75,8.9542,-3.1416,-0.9237,0,3.3999998569489,3,3.3999996185303
Part,1.0175,8.25,8.1193,-3.1416,-0.4001,0,2.1999998092651,2,3.3999996185303
Part,-0.7661,7.9499,6.9134,-3.1416,-0.6619,-0.0001,2.3999998569489,1.3999999761581,1.3999996185303
Part,3.4001,8.95,-12.5372,0,-0.9681,0,2.1999998092651,2.8000001907349,2.9999997615814
Color,5.617,8.15,-12.4121,0,-1.2299,-0.0001,2.3999998569489,1.2000000476837,1.799999833107
Part,4.4918,9.35,-11.42,-3.1416,-0.0792,0,3.3999998569489,3.6000001430511,3.3999996185303
Part,6.2656,8.75,-10.5576,-3.1416,-1.1264,-3.1416,2.3999998569489,2.4000000953674,1.799999833107
Color,4.6839,10.85,-5.6901,0,-1.2964,0,2.3999998569489,1.2000000476837,1.799999833107
Part,4.887,8.9499,-5.9677,-3.1416,-1.0599,-3.1416,3.5999999046326,2.6000001430511,3.5999999046326
Part,2.9829,8.25,-6.6338,-0.0001,-1.5582,-0.0001,3.7999999523163,1.2000000476837,1.5999999046326
Color,5.1182,8.65,-8.0162,-3.1416,-1.3217,-3.1416,1.3999998569489,2,3.5999999046326
Part,4.5471,8.85,-0.4986,-3.1416,-0.4611,-3.1416,4.1999998092651,2.6000001430511,5.1999998092651
Color,2.1121,9.35,-2.1414,-3.1416,-0.9847,-3.1416,3.7999997138977,3.6000001430511,3.7999999523163
Color,7.0478,8.25,0.939,-3.1416,-0.9847,-3.1416,2.599999666214,1.4000000953674,2.7999997138977
Part,5.0897,8.05,-2.778,-3.1416,1.3715,3.1415,2.7999999523163,1,4.4000000953674
Part,6.4718,8.55,-1.1197,-3.1416,0.8479,3.1415,2.5999999046326,2,2.599999666214