Part,-12.5303,7.2888,-11.503,0,1.3676,0,2,1,1
Part,-14.1004,7.7888,-11.3159,0,1.3676,0,3,2,2
Part,-14.8846,9.5138,-2.4148,-3.1416,0.7554,1.5707,2.5999999046326,0.60000002384186,2.5999999046326
Part,-13.5743,9.5138,-1.1807,-3.1416,0.7554,1.5707,2,4,2
Part,-12.3369,9.5138,-0.0155,-3.1416,0.7554,1.5707,2.5999999046326,0.60000002384186,2.5999999046326
Part,-3.0959,10.981,-12.0382,-3.1416,-0.8046,2.967,0.59999990463257,3.1999998092651,3
Part,-3.4162,12.7853,-11.7055,-0.7712,-0.6042,-0.5045,3,1,1.7999999523163
Part,-3.757,8.9296,-11.3514,-3.1416,0.7662,-3.1416,3,1,3
Part,-3.757,12.4294,-11.3514,-3.1416,0.7662,-3.1416,3,0.60000002384186,3
Part,-4.7657,9.7295,-12.3222,-3.1416,0.7662,-3.1416,0.20000004768372,0.59999996423721,3
Part,-2.7483,9.7295,-10.3805,-3.1416,0.7662,-3.1416,0.20000004768372,0.59999996423721,3
Part,-2.2548,9.13,-10.4607,0,0.8045,0,0.20000000298023,1.3999999761581,0.40000000596046
Part,-2.5322,9.9296,-10.1725,0,0.8045,0,1,0.20000004768372,0.40000000596046
Part,-2.8095,9.13,-9.8843,0,0.8045,0,0.20000000298023,1.3999999761581,0.40000000596046
Part,-4.0978,12.7853,-10.9972,0.7711,-0.6042,0.5044,3,1,1.7999999523163
Part,-4.4135,10.981,-10.6692,3.1415,-0.8046,-2.9671,0.59999990463257,3.1999998092651,3
Part,-3.6053,10.1699,-1.2157,-3.1416,-0.7341,-2.7053,2.7999999523163,1.3999999761581,3
Part,-3.6094,9.1938,-1.2202,-3.1416,0.8367,-3.1416,3,2,3
Part,-4.9439,9.5138,7.6515,-3.1416,0.7045,1.5707,2.5999999046326,0.60000002384186,2.5999999046326
Part,-3.5726,9.5138,8.8174,-3.1416,0.7045,1.5707,2,4,2
Part,-2.2776,9.5138,9.9183,-3.1416,0.7045,1.5707,2.5999999046326,0.60000002384186,2.5999999046326
Part,5.8705,9.5138,-2.8863,-3.1416,1.2697,1.5707,2.5999999046326,0.60000002384186,2.5999999046326
Part,6.4042,9.5138,-1.1673,-3.1416,1.2697,1.5707,2,4,2
Part,6.9081,9.5138,0.456,-3.1416,1.2697,1.5707,2.5999999046326,0.60000002384186,2.5999999046326
Part,11.3894,11.6388,-1.215,-3.1416,-0.5806,-3.1416,2.5999999046326,0.60000002384186,2.5999999046326
Part,11.3894,9.8388,-1.215,-3.1416,-0.5806,-3.1416,2,4,2
Part,11.3894,8.139,-1.215,-3.1416,-0.5806,-3.1416,2.5999999046326,0.60000002384186,2.5999999046326
Part,11.3272,10.8227,8.6138,3.1415,1.2391,-2.7053,2.5999999046326,1.3999999761581,2
Part,11.3271,9.3614,8.5949,-3.1416,1.2391,-3.1416,3,3,2
Part,12.2588,8.562,10.072,0,0.3316,0,0.20000000298023,1.3999999761581,0.40000000596046
Part,11.8806,9.3616,10.2023,0,0.3316,0,1,0.20000004768372,0.40000000596046
Part,11.5024,8.562,10.3325,0,0.3316,0,0.20000000298023,1.3999999761581,0.40000000596046
Part,11.3894,7.7888,13.785,0,0.8602,0,3,2,3