Color,-5.226,11.7615,-2.4219,1.8641,1.0419,-1.6073,1,3.2000000476837,1
Part,-6.2488,11.1716,-3.6127,-3.1416,1.5517,2.3561,1,3.2000000476837,1
Part,-6.2296,7.7619,-2.6028,-3.1416,1.5517,-3.1416,1,6,1
Part,-6.2143,12.7615,-1.803,-3.1416,1.5517,-2.8798,1,6,1
Color,-6.2258,15.1615,-2.4029,-3.1416,1.5517,2.6179,1,2.7999999523163,1
Color,-6.8257,10.5615,-2.3915,-1.6038,1.0468,1.6088,1,1.7999997138977,1
Color,-5.2588,11.7615,2.6349,1.7676,1.0558,-1.496,1,3.2000000476837,1
Part,-6.2119,11.1716,1.3877,0,1.5326,-0.7854,1,3.2000000476837,1
Part,-6.2504,7.7619,2.397,0,1.5326,0,1,6,1
Part,-6.2809,12.7615,3.1964,0,1.5326,0.2617,1,6,1
Color,-6.2581,15.1615,2.5968,0,1.5326,-0.5236,1,2.7999999523163,1
Color,-6.8576,10.5615,2.574,-1.5049,1.0459,1.4946,1,1.7999997138977,1
Color,-7.0891,10.263,5.7868,2.6921,0.0814,2.8997,1,3.2000000476837,1
Part,-6.6069,6.8534,6.6743,-3.1416,1.0731,-3.1416,1,6,1
Part,-7.0387,9.653,7.1364,-2.0162,0.6704,2.2258,1,1.7999997138977,1
Part,-6.416,11.1601,7.0258,-3.1416,1.0731,-2.618,1,4.4000000953674,1
Part,-5.8974,11.528,6.4784,1.9233,0.1082,-2.0532,1,2.2000000476837,1
Color,-6.4731,12.9137,6.9207,-3.1416,1.0731,2.6179,1,1.6000001430511,1
Color,-1.6765,11.7615,-1.907,0.5197,0.2355,0.1672,1,3.2000000476837,1
Part,-0.5966,11.1716,-3.0462,0,0.1214,-0.7854,1,3.2000000476837,1
Part,-1.5992,7.7619,-2.9238,0,0.1214,0,1,6,1
Part,-2.3933,12.7615,-2.8269,0,0.1214,0.2617,1,6,1
Color,-1.7977,15.1615,-2.8996,0,0.1214,-0.5236,1,2.7999999523163,1
Color,-1.8704,10.5615,-3.4952,-0.5269,0.1051,0.0609,1,1.7999997138977,1
Part,-2.0518,7.7759,1.0608,-0.4626,-0.2443,0.4679,1,4,1
Part,-1.2425,6.376,2.0532,0,0.0093,0,1,6,1
Color,-1.2425,10.8758,2.0532,-0.0001,0.0093,0,1,3,1
Part,-0.6015,6.6219,1.0973,-0.0001,0.7947,-0.7854,1,3,1
Part,-0.5859,7.7759,8.1202,-2.6552,0.3863,-2.7503,1,4,1
Part,-1.2273,6.376,7.0117,-3.1416,0.1502,-3.1416,1,6,1
Color,-1.2273,10.8758,7.0117,-3.1416,0.1502,-3.1416,1,3,1
Part,-2.012,6.6219,7.8537,-3.1416,-0.6352,2.3561,1,3,1
Part,3.0995,7.7759,-1.8879,-1.6737,1.1204,2.2729,1,4,1
Part,3.7856,6.376,-2.9692,-3.1416,1.2401,-3.1416,1,6,1
Color,3.7856,10.8758,-2.9692,-3.1416,1.2401,3.1415,1,3,1
Part,2.6762,6.6219,-3.2755,-3.1416,0.4547,2.3561,1,3,1
Color,3.5916,12.1251,1.7682,-2.6243,1.0408,2.8777,1,3,1
Color,4.7706,10.0255,2.5492,2.3377,0.9255,-1.8615,1,3,1
Part,4.0632,6.6257,2.0806,-3.1416,1.3704,-3.1416,1,6,1
Part,3.9438,10.3255,1.4926,-3.1416,1.3704,2.6179,1,3,1
Part,7.5629,7.7759,-3.3759,-0.4628,0.2457,0.7088,1,4,1
Part,8.7695,6.376,-2.9468,0,0.5543,0,1,6,1
Color,8.7695,10.8758,-2.9468,-0.0001,0.5543,0,1,3,1
Part,8.822,6.6219,-4.0965,-0.0001,1.3397,-0.7854,1,3,1